x,y,ERA_conus.1,ERA_conus.2,ERA_conus.3,ERA_conus.4,ERA_conus.5,ERA_conus.6,ERA_conus.7,ERA_conus.8,ERA_conus.9,ERA_conus.10,ERA_conus.11,ERA_conus.12,ERA_conus.13,ERA_conus.14,ERA_conus.15,ERA_conus.16,ERA_conus.17,ERA_conus.18,ERA_conus.19,ERA_conus.20,ERA_conus.21,ERA_conus.22,ERA_conus.23,ERA_conus.24,ERA_conus.25,ERA_conus.26,ERA_conus.27,ERA_conus.28,ERA_conus.29,ERA_conus.30,ERA_conus.31,ERA_conus.32,ERA_conus.33,ERA_conus.34,ERA_conus.35,ERA_conus.36,ERA_conus.37,ERA_conus.38,ERA_conus.39,ERA_conus.40,ERA_conus.41,ERA_conus.42,ERA_conus.43,ERA_conus.44,ERA_conus.45,ERA_conus.46,ERA_conus.47,ERA_conus.48,ERA_conus.49,ERA_conus.50,ERA_conus.51,ERA_conus.52,ERA_conus.53,ERA_conus.54,ERA_conus.55,ERA_conus.56,ERA_conus.57,ERA_conus.58,ERA_conus.59,ERA_conus.60,ERA_conus.61,ERA_conus.62,ERA_conus.63,ERA_conus.64,ERA_conus.65,ERA_conus.66,ERA_conus.67,ERA_conus.68,ERA_conus.69,ERA_conus.70,ERA_conus.71,ERA_conus.72,ERA_conus.73,ERA_conus.74,ERA_conus.75,ERA_conus.76,ERA_conus.77,ERA_conus.78,ERA_conus.79,ERA_conus.80,ERA_conus.81,ERA_conus.82,ERA_conus.83,ERA_conus.84,ERA_conus.85,ERA_conus.86,ERA_conus.87,ERA_conus.88,ERA_conus.89,ERA_conus.90,ERA_conus.91,ERA_conus.92,ERA_conus.93,ERA_conus.94,ERA_conus.95,ERA_conus.96,ERA_conus.97,ERA_conus.98,ERA_conus.99,ERA_conus.100,ERA_conus.101,ERA_conus.102,ERA_conus.103,ERA_conus.104,ERA_conus.105,ERA_conus.106,ERA_conus.107,ERA_conus.108,ERA_conus.109,ERA_conus.110,ERA_conus.111,ERA_conus.112,ERA_conus.113,ERA_conus.114,ERA_conus.115,ERA_conus.116,ERA_conus.117,ERA_conus.118,ERA_conus.119,ERA_conus.120,ERA_conus.121,ERA_conus.122,ERA_conus.123,ERA_conus.124,ERA_conus.125,ERA_conus.126,ERA_conus.127,ERA_conus.128,ERA_conus.129,ERA_conus.130,ERA_conus.131,ERA_conus.132,ERA_conus.133,ERA_conus.134,ERA_conus.135,ERA_conus.136,ERA_conus.137,ERA_conus.138,ERA_conus.139,ERA_conus.140,ERA_conus.141,ERA_conus.142,ERA_conus.143,ERA_conus.144,ERA_conus.145,ERA_conus.146,ERA_conus.147,ERA_conus.148,ERA_conus.149,ERA_conus.150,ERA_conus.151,ERA_conus.152,ERA_conus.153,ERA_conus.154,ERA_conus.155,ERA_conus.156,ERA_conus.157,ERA_conus.158,ERA_conus.159,ERA_conus.160,ERA_conus.161,ERA_conus.162,ERA_conus.163,ERA_conus.164,ERA_conus.165,ERA_conus.166,ERA_conus.167,ERA_conus.168,ERA_conus.169,ERA_conus.170,ERA_conus.171,ERA_conus.172,ERA_conus.173,ERA_conus.174,ERA_conus.175,ERA_conus.176,ERA_conus.177,ERA_conus.178,ERA_conus.179,ERA_conus.180,ERA_conus.181,ERA_conus.182,ERA_conus.183,ERA_conus.184,ERA_conus.185,ERA_conus.186,ERA_conus.187,ERA_conus.188,ERA_conus.189,ERA_conus.190,ERA_conus.191,ERA_conus.192,ERA_conus.193,ERA_conus.194,ERA_conus.195,ERA_conus.196,ERA_conus.197,ERA_conus.198,ERA_conus.199,ERA_conus.200,ERA_conus.201,ERA_conus.202,ERA_conus.203,ERA_conus.204,ERA_conus.205,ERA_conus.206,ERA_conus.207,ERA_conus.208,ERA_conus.209,ERA_conus.210,ERA_conus.211,ERA_conus.212,ERA_conus.213,ERA_conus.214,ERA_conus.215,ERA_conus.216,ERA_conus.217,ERA_conus.218,ERA_conus.219,ERA_conus.220,ERA_conus.221,ERA_conus.222,ERA_conus.223,ERA_conus.224,ERA_conus.225,ERA_conus.226,ERA_conus.227,ERA_conus.228,ERA_conus.229,ERA_conus.230,ERA_conus.231,ERA_conus.232,ERA_conus.233,ERA_conus.234,ERA_conus.235,ERA_conus.236,ERA_conus.237,ERA_conus.238,ERA_conus.239,ERA_conus.240,ERA_conus.241,ERA_conus.242,ERA_conus.243,ERA_conus.244,ERA_conus.245,ERA_conus.246,ERA_conus.247,ERA_conus.248,ERA_conus.249,ERA_conus.250,ERA_conus.251,ERA_conus.252,ERA_conus.253,ERA_conus.254,ERA_conus.255,ERA_conus.256,ERA_conus.257,ERA_conus.258,ERA_conus.259,ERA_conus.260,ERA_conus.261,ERA_conus.262,ERA_conus.263,ERA_conus.264,ERA_conus.265,ERA_conus.266,ERA_conus.267,ERA_conus.268,ERA_conus.269,ERA_conus.270,ERA_conus.271,ERA_conus.272,ERA_conus.273,ERA_conus.274,ERA_conus.275,ERA_conus.276,ERA_conus.277,ERA_conus.278,ERA_conus.279,ERA_conus.280,ERA_conus.281,ERA_conus.282,ERA_conus.283,ERA_conus.284,ERA_conus.285,ERA_conus.286,ERA_conus.287,ERA_conus.288,ERA_conus.289,ERA_conus.290,ERA_conus.291,ERA_conus.292,ERA_conus.293,ERA_conus.294,ERA_conus.295,ERA_conus.296,ERA_conus.297,ERA_conus.298,ERA_conus.299,ERA_conus.300,ERA_conus.301,ERA_conus.302,ERA_conus.303,ERA_conus.304,ERA_conus.305,ERA_conus.306,ERA_conus.307,ERA_conus.308,ERA_conus.309,ERA_conus.310,ERA_conus.311,ERA_conus.312,ERA_conus.313,ERA_conus.314,ERA_conus.315,ERA_conus.316,ERA_conus.317,ERA_conus.318,ERA_conus.319,ERA_conus.320,ERA_conus.321,ERA_conus.322,ERA_conus.323,ERA_conus.324,ERA_conus.325,ERA_conus.326,ERA_conus.327,ERA_conus.328,ERA_conus.329,ERA_conus.330,ERA_conus.331,ERA_conus.332,ERA_conus.333,ERA_conus.334,ERA_conus.335,ERA_conus.336,ERA_conus.337,ERA_conus.338,ERA_conus.339,ERA_conus.340,ERA_conus.341,ERA_conus.342,ERA_conus.343,ERA_conus.344,ERA_conus.345,ERA_conus.346,ERA_conus.347,ERA_conus.348,ERA_conus.349,ERA_conus.350,ERA_conus.351,ERA_conus.352,ERA_conus.353,ERA_conus.354,ERA_conus.355,ERA_conus.356,ERA_conus.357,ERA_conus.358,ERA_conus.359,ERA_conus.360,ERA_conus.361,ERA_conus.362,ERA_conus.363,ERA_conus.364,ERA_conus.365,ERA_conus.366,ERA_conus.367,ERA_conus.368,ERA_conus.369,ERA_conus.370,ERA_conus.371,ERA_conus.372,ERA_conus.373,ERA_conus.374,ERA_conus.375,ERA_conus.376,ERA_conus.377,ERA_conus.378,ERA_conus.379,ERA_conus.380,ERA_conus.381,ERA_conus.382,ERA_conus.383,ERA_conus.384,ERA_conus.385,ERA_conus.386,ERA_conus.387,ERA_conus.388,ERA_conus.389,ERA_conus.390,ERA_conus.391,ERA_conus.392,ERA_conus.393,ERA_conus.394,ERA_conus.395,ERA_conus.396,ERA_conus.397,ERA_conus.398,ERA_conus.399,ERA_conus.400,ERA_conus.401,ERA_conus.402,ERA_conus.403,ERA_conus.404,ERA_conus.405,ERA_conus.406,ERA_conus.407,ERA_conus.408,ERA_conus.409,ERA_conus.410,ERA_conus.411,ERA_conus.412,ERA_conus.413,ERA_conus.414,ERA_conus.415,ERA_conus.416,ERA_conus.417,ERA_conus.418,ERA_conus.419,ERA_conus.420,ERA_conus.421,ERA_conus.422,ERA_conus.423,ERA_conus.424,ERA_conus.425,ERA_conus.426,ERA_conus.427,ERA_conus.428,ERA_conus.429,ERA_conus.430,ERA_conus.431,ERA_conus.432,ERA_conus.433,ERA_conus.434,ERA_conus.435,ERA_conus.436,ERA_conus.437,ERA_conus.438,ERA_conus.439,ERA_conus.440,ERA_conus.441,ERA_conus.442,ERA_conus.443,ERA_conus.444,ERA_conus.445,ERA_conus.446,ERA_conus.447,ERA_conus.448,ERA_conus.449,ERA_conus.450,ERA_conus.451,ERA_conus.452,ERA_conus.453,ERA_conus.454,ERA_conus.455,ERA_conus.456,ERA_conus.457,ERA_conus.458,ERA_conus.459,ERA_conus.460,ERA_conus.461,ERA_conus.462,ERA_conus.463,ERA_conus.464,ERA_conus.465,ERA_conus.466,ERA_conus.467,ERA_conus.468,ERA_conus.469,ERA_conus.470,ERA_conus.471,ERA_conus.472,ERA_conus.473,ERA_conus.474,ERA_conus.475,ERA_conus.476,ERA_conus.477,ERA_conus.478,ERA_conus.479,ERA_conus.480,ERA_conus.481,ERA_conus.482,ERA_conus.483,ERA_conus.484,ERA_conus.485,ERA_conus.486,ERA_conus.487,ERA_conus.488,ERA_conus.489,ERA_conus.490,ERA_conus.491,ERA_conus.492,ERA_conus.493,ERA_conus.494,ERA_conus.495,ERA_conus.496,ERA_conus.497,ERA_conus.498,ERA_conus.499,ERA_conus.500,ERA_conus.501,ERA_conus.502,ERA_conus.503,ERA_conus.504,ERA_conus.505,ERA_conus.506,ERA_conus.507,ERA_conus.508,ERA_conus.509,ERA_conus.510,ERA_conus.511,ERA_conus.512,ERA_conus.513,ERA_conus.514,ERA_conus.515,ERA_conus.516,ERA_conus.517,ERA_conus.518,ERA_conus.519,ERA_conus.520,ERA_conus.521,ERA_conus.522,ERA_conus.523,ERA_conus.524,ERA_conus.525,ERA_conus.526,ERA_conus.527,ERA_conus.528,ERA_conus.529,ERA_conus.530,ERA_conus.531,ERA_conus.532,ERA_conus.533,ERA_conus.534,ERA_conus.535,ERA_conus.536,ERA_conus.537,ERA_conus.538,ERA_conus.539,ERA_conus.540,ERA_conus.541,ERA_conus.542,ERA_conus.543,ERA_conus.544,ERA_conus.545,ERA_conus.546,ERA_conus.547,ERA_conus.548,ERA_conus.549,ERA_conus.550,ERA_conus.551,ERA_conus.552,ERA_conus.553,ERA_conus.554,ERA_conus.555,ERA_conus.556,ERA_conus.557,ERA_conus.558,ERA_conus.559,ERA_conus.560,ERA_conus.561,ERA_conus.562,ERA_conus.563,ERA_conus.564,ERA_conus.565,ERA_conus.566,ERA_conus.567,ERA_conus.568,ERA_conus.569,ERA_conus.570,ERA_conus.571,ERA_conus.572,ERA_conus.573,ERA_conus.574,ERA_conus.575,ERA_conus.576,ERA_conus.577,ERA_conus.578,ERA_conus.579,ERA_conus.580,ERA_conus.581,ERA_conus.582,ERA_conus.583,ERA_conus.584,ERA_conus.585,ERA_conus.586,ERA_conus.587,ERA_conus.588,ERA_conus.589,ERA_conus.590,ERA_conus.591,ERA_conus.592,ERA_conus.593,ERA_conus.594,ERA_conus.595,ERA_conus.596,ERA_conus.597,ERA_conus.598,ERA_conus.599,ERA_conus.600,ERA_conus.601,ERA_conus.602,ERA_conus.603,ERA_conus.604,ERA_conus.605,ERA_conus.606,ERA_conus.607,ERA_conus.608,ERA_conus.609,ERA_conus.610,ERA_conus.611,ERA_conus.612,ERA_conus.613,ERA_conus.614,ERA_conus.615,ERA_conus.616,ERA_conus.617,ERA_conus.618,ERA_conus.619,ERA_conus.620,ERA_conus.621,ERA_conus.622,ERA_conus.623,ERA_conus.624,ERA_conus.625,ERA_conus.626,ERA_conus.627,ERA_conus.628,ERA_conus.629,ERA_conus.630,ERA_conus.631,ERA_conus.632,ERA_conus.633,ERA_conus.634,ERA_conus.635,ERA_conus.636,ERA_conus.637,ERA_conus.638,ERA_conus.639,ERA_conus.640,ERA_conus.641,ERA_conus.642,ERA_conus.643,ERA_conus.644,ERA_conus.645,ERA_conus.646,ERA_conus.647,ERA_conus.648,ERA_conus.649,ERA_conus.650,ERA_conus.651,ERA_conus.652,ERA_conus.653,ERA_conus.654,ERA_conus.655,ERA_conus.656,ERA_conus.657,ERA_conus.658,ERA_conus.659,ERA_conus.660,ERA_conus.661,ERA_conus.662,ERA_conus.663,ERA_conus.664,ERA_conus.665,ERA_conus.666,ERA_conus.667,ERA_conus.668,ERA_conus.669,ERA_conus.670,ERA_conus.671,ERA_conus.672,ERA_conus.673,ERA_conus.674,ERA_conus.675,ERA_conus.676,ERA_conus.677,ERA_conus.678,ERA_conus.679,ERA_conus.680,ERA_conus.681,ERA_conus.682,ERA_conus.683,ERA_conus.684,ERA_conus.685,ERA_conus.686,ERA_conus.687,ERA_conus.688,ERA_conus.689,ERA_conus.690,ERA_conus.691,ERA_conus.692,ERA_conus.693,ERA_conus.694,ERA_conus.695,ERA_conus.696,ERA_conus.697,ERA_conus.698,ERA_conus.699,ERA_conus.700,ERA_conus.701,ERA_conus.702,ERA_conus.703,ERA_conus.704,ERA_conus.705,ERA_conus.706,ERA_conus.707,ERA_conus.708,ERA_conus.709,ERA_conus.710,ERA_conus.711,ERA_conus.712,ERA_conus.713,ERA_conus.714,ERA_conus.715,ERA_conus.716,ERA_conus.717,ERA_conus.718,ERA_conus.719,ERA_conus.720,ERA_conus.721,ERA_conus.722,ERA_conus.723,ERA_conus.724,ERA_conus.725,ERA_conus.726,ERA_conus.727,ERA_conus.728,ERA_conus.729,ERA_conus.730,ERA_conus.731,ERA_conus.732,ERA_conus.733,ERA_conus.734,ERA_conus.735,ERA_conus.736,ERA_conus.737,ERA_conus.738,ERA_conus.739,ERA_conus.740,ERA_conus.741,ERA_conus.742,ERA_conus.743,ERA_conus.744,ERA_conus.745,ERA_conus.746,ERA_conus.747,ERA_conus.748,ERA_conus.749,ERA_conus.750,ERA_conus.751,ERA_conus.752,ERA_conus.753,ERA_conus.754,ERA_conus.755,ERA_conus.756,ERA_conus.757,ERA_conus.758,ERA_conus.759,ERA_conus.760,ERA_conus.761,ERA_conus.762,ERA_conus.763,ERA_conus.764,ERA_conus.765,ERA_conus.766,ERA_conus.767,ERA_conus.768,ERA_conus.769,ERA_conus.770,ERA_conus.771,ERA_conus.772,ERA_conus.773,ERA_conus.774,ERA_conus.775,ERA_conus.776,ERA_conus.777,ERA_conus.778,ERA_conus.779,ERA_conus.780,ERA_conus.781,ERA_conus.782,ERA_conus.783,ERA_conus.784,ERA_conus.785,ERA_conus.786,ERA_conus.787,ERA_conus.788,ERA_conus.789,ERA_conus.790,ERA_conus.791,ERA_conus.792,ERA_conus.793,ERA_conus.794,ERA_conus.795,ERA_conus.796,ERA_conus.797,ERA_conus.798,ERA_conus.799,ERA_conus.800,ERA_conus.801,ERA_conus.802,ERA_conus.803,ERA_conus.804,ERA_conus.805,ERA_conus.806,ERA_conus.807,ERA_conus.808,ERA_conus.809,ERA_conus.810,ERA_conus.811,ERA_conus.812,ERA_conus.813,ERA_conus.814,ERA_conus.815,ERA_conus.816,ERA_conus.817,ERA_conus.818,ERA_conus.819,ERA_conus.820,ERA_conus.821,ERA_conus.822,ERA_conus.823,ERA_conus.824,ERA_conus.825,ERA_conus.826,ERA_conus.827,ERA_conus.828,ERA_conus.829,ERA_conus.830,ERA_conus.831,ERA_conus.832,ERA_conus.833,ERA_conus.834,ERA_conus.835,ERA_conus.836,ERA_conus.837,ERA_conus.838,ERA_conus.839,ERA_conus.840,ERA_conus.841,ERA_conus.842,ERA_conus.843,ERA_conus.844,ERA_conus.845,ERA_conus.846,ERA_conus.847,ERA_conus.848,ERA_conus.849,ERA_conus.850,ERA_conus.851,ERA_conus.852,ERA_conus.853,ERA_conus.854,ERA_conus.855,ERA_conus.856,ERA_conus.857,ERA_conus.858,ERA_conus.859,ERA_conus.860,ERA_conus.861,ERA_conus.862,ERA_conus.863,ERA_conus.864,ERA_conus.865,ERA_conus.866,ERA_conus.867,ERA_conus.868,ERA_conus.869,ERA_conus.870,ERA_conus.871,ERA_conus.872,ERA_conus.873,ERA_conus.874,ERA_conus.875,ERA_conus.876,ERA_conus.877,ERA_conus.878,ERA_conus.879,ERA_conus.880,ERA_conus.881,ERA_conus.882,ERA_conus.883,ERA_conus.884,ERA_conus.885,ERA_conus.886,ERA_conus.887,ERA_conus.888,ERA_conus.889,ERA_conus.890,ERA_conus.891,ERA_conus.892,ERA_conus.893,ERA_conus.894,ERA_conus.895,ERA_conus.896,ERA_conus.897,ERA_conus.898,ERA_conus.899,ERA_conus.900,ERA_conus.901,ERA_conus.902,ERA_conus.903,ERA_conus.904,ERA_conus.905,ERA_conus.906,ERA_conus.907,ERA_conus.908,ERA_conus.909,ERA_conus.910,ERA_conus.911,ERA_conus.912,ERA_conus.913,ERA_conus.914,ERA_conus.915,ERA_conus.916,ERA_conus.917,ERA_conus.918,ERA_conus.919,ERA_conus.920,ERA_conus.921,ERA_conus.922,ERA_conus.923,ERA_conus.924,ERA_conus.925,ERA_conus.926,ERA_conus.927,ERA_conus.928,ERA_conus.929,ERA_conus.930,ERA_conus.931,ERA_conus.932,ERA_conus.933,ERA_conus.934,ERA_conus.935,ERA_conus.936,ERA_conus.937,ERA_conus.938,ERA_conus.939,ERA_conus.940,ERA_conus.941,ERA_conus.942,ERA_conus.943,ERA_conus.944,ERA_conus.945,ERA_conus.946,ERA_conus.947,ERA_conus.948,ERA_conus.949,ERA_conus.950,ERA_conus.951,ERA_conus.952,ERA_conus.953,ERA_conus.954,ERA_conus.955,ERA_conus.956,ERA_conus.957,ERA_conus.958,ERA_conus.959,ERA_conus.960,ERA_conus.961,ERA_conus.962,ERA_conus.963,ERA_conus.964,ERA_conus.965,ERA_conus.966,ERA_conus.967,ERA_conus.968,ERA_conus.969,ERA_conus.970,ERA_conus.971,ERA_conus.972,ERA_conus.973,ERA_conus.974,ERA_conus.975,ERA_conus.976,ERA_conus.977,ERA_conus.978,ERA_conus.979,ERA_conus.980,ERA_conus.981,ERA_conus.982,ERA_conus.983,ERA_conus.984,ERA_conus.985,ERA_conus.986,ERA_conus.987,ERA_conus.988,ERA_conus.989,ERA_conus.990,ERA_conus.991,ERA_conus.992,ERA_conus.993,ERA_conus.994,ERA_conus.995,ERA_conus.996,ERA_conus.997,ERA_conus.998,ERA_conus.999,ERA_conus.1000,ERA_conus.1001,ERA_conus.1002,ERA_conus.1003,ERA_conus.1004,ERA_conus.1005,ERA_conus.1006,ERA_conus.1007,ERA_conus.1008,ERA_conus.1009,ERA_conus.1010,ERA_conus.1011,ERA_conus.1012,ERA_conus.1013,ERA_conus.1014,ERA_conus.1015,ERA_conus.1016,ERA_conus.1017,ERA_conus.1018,ERA_conus.1019,ERA_conus.1020,ERA_conus.1021,ERA_conus.1022,ERA_conus.1023,ERA_conus.1024,ERA_conus.1025,ERA_conus.1026,ERA_conus.1027,ERA_conus.1028,ERA_conus.1029,ERA_conus.1030,ERA_conus.1031,ERA_conus.1032,ERA_conus.1033,ERA_conus.1034,ERA_conus.1035,ERA_conus.1036,ERA_conus.1037,ERA_conus.1038,ERA_conus.1039,ERA_conus.1040,ERA_conus.1041,ERA_conus.1042,ERA_conus.1043,ERA_conus.1044,ERA_conus.1045,ERA_conus.1046,ERA_conus.1047,ERA_conus.1048,ERA_conus.1049,ERA_conus.1050,ERA_conus.1051,ERA_conus.1052,ERA_conus.1053,ERA_conus.1054,ERA_conus.1055,ERA_conus.1056,ERA_conus.1057,ERA_conus.1058,ERA_conus.1059,ERA_conus.1060,ERA_conus.1061,ERA_conus.1062,ERA_conus.1063,ERA_conus.1064,ERA_conus.1065,ERA_conus.1066,ERA_conus.1067,ERA_conus.1068,ERA_conus.1069,ERA_conus.1070,ERA_conus.1071,ERA_conus.1072,ERA_conus.1073,ERA_conus.1074,ERA_conus.1075,ERA_conus.1076,ERA_conus.1077,ERA_conus.1078,ERA_conus.1079,ERA_conus.1080,ERA_conus.1081,ERA_conus.1082,ERA_conus.1083,ERA_conus.1084,ERA_conus.1085,ERA_conus.1086,ERA_conus.1087,ERA_conus.1088,ERA_conus.1089,ERA_conus.1090,ERA_conus.1091,ERA_conus.1092,ERA_conus.1093,ERA_conus.1094,ERA_conus.1095,ERA_conus.1096,ERA_conus.1097,ERA_conus.1098,ERA_conus.1099,ERA_conus.1100,ERA_conus.1101,ERA_conus.1102,ERA_conus.1103,ERA_conus.1104,ERA_conus.1105,ERA_conus.1106,ERA_conus.1107,ERA_conus.1108,ERA_conus.1109,ERA_conus.1110,ERA_conus.1111,ERA_conus.1112,ERA_conus.1113,ERA_conus.1114,ERA_conus.1115,ERA_conus.1116,ERA_conus.1117,ERA_conus.1118,ERA_conus.1119,ERA_conus.1120,ERA_conus.1121,ERA_conus.1122,ERA_conus.1123,ERA_conus.1124,ERA_conus.1125,ERA_conus.1126,ERA_conus.1127,ERA_conus.1128,ERA_conus.1129,ERA_conus.1130,ERA_conus.1131,ERA_conus.1132,ERA_conus.1133,ERA_conus.1134,ERA_conus.1135,ERA_conus.1136,ERA_conus.1137,ERA_conus.1138,ERA_conus.1139,ERA_conus.1140,ERA_conus.1141,ERA_conus.1142,ERA_conus.1143,ERA_conus.1144,ERA_conus.1145,ERA_conus.1146,ERA_conus.1147,ERA_conus.1148,ERA_conus.1149,ERA_conus.1150,ERA_conus.1151,ERA_conus.1152,ERA_conus.1153,ERA_conus.1154,ERA_conus.1155,ERA_conus.1156,ERA_conus.1157,ERA_conus.1158,ERA_conus.1159,ERA_conus.1160,ERA_conus.1161,ERA_conus.1162,ERA_conus.1163,ERA_conus.1164,ERA_conus.1165,ERA_conus.1166,ERA_conus.1167,ERA_conus.1168,ERA_conus.1169,ERA_conus.1170,ERA_conus.1171,ERA_conus.1172,ERA_conus.1173,ERA_conus.1174,ERA_conus.1175,ERA_conus.1176,ERA_conus.1177,ERA_conus.1178,ERA_conus.1179,ERA_conus.1180,ERA_conus.1181,ERA_conus.1182,ERA_conus.1183,ERA_conus.1184,ERA_conus.1185,ERA_conus.1186,ERA_conus.1187,ERA_conus.1188,ERA_conus.1189,ERA_conus.1190,ERA_conus.1191,ERA_conus.1192,ERA_conus.1193,ERA_conus.1194,ERA_conus.1195,ERA_conus.1196,ERA_conus.1197,ERA_conus.1198,ERA_conus.1199,ERA_conus.1200,ERA_conus.1201,ERA_conus.1202,ERA_conus.1203,ERA_conus.1204,ERA_conus.1205,ERA_conus.1206,ERA_conus.1207,ERA_conus.1208,ERA_conus.1209,ERA_conus.1210,ERA_conus.1211,ERA_conus.1212,ERA_conus.1213,ERA_conus.1214,ERA_conus.1215,ERA_conus.1216,ERA_conus.1217,ERA_conus.1218,ERA_conus.1219,ERA_conus.1220,ERA_conus.1221,ERA_conus.1222,ERA_conus.1223,ERA_conus.1224,ERA_conus.1225,ERA_conus.1226,ERA_conus.1227,ERA_conus.1228,ERA_conus.1229,ERA_conus.1230,ERA_conus.1231,ERA_conus.1232,ERA_conus.1233,ERA_conus.1234,ERA_conus.1235,ERA_conus.1236,ERA_conus.1237,ERA_conus.1238,ERA_conus.1239,ERA_conus.1240,ERA_conus.1241,ERA_conus.1242,ERA_conus.1243,ERA_conus.1244,ERA_conus.1245,ERA_conus.1246,ERA_conus.1247,ERA_conus.1248,ERA_conus.1249,ERA_conus.1250,ERA_conus.1251,ERA_conus.1252,ERA_conus.1253,ERA_conus.1254,ERA_conus.1255,ERA_conus.1256,ERA_conus.1257,ERA_conus.1258,ERA_conus.1259,ERA_conus.1260,ERA_conus.1261,ERA_conus.1262,ERA_conus.1263,ERA_conus.1264,ERA_conus.1265,ERA_conus.1266,ERA_conus.1267,ERA_conus.1268,ERA_conus.1269,ERA_conus.1270,ERA_conus.1271,ERA_conus.1272,ERA_conus.1273,ERA_conus.1274,ERA_conus.1275,ERA_conus.1276,ERA_conus.1277,ERA_conus.1278,ERA_conus.1279,ERA_conus.1280,ERA_conus.1281,ERA_conus.1282,ERA_conus.1283,ERA_conus.1284,ERA_conus.1285,ERA_conus.1286,ERA_conus.1287,ERA_conus.1288,ERA_conus.1289,ERA_conus.1290,ERA_conus.1291,ERA_conus.1292,ERA_conus.1293,ERA_conus.1294,ERA_conus.1295,ERA_conus.1296,ERA_conus.1297,ERA_conus.1298,ERA_conus.1299,ERA_conus.1300,ERA_conus.1301,ERA_conus.1302,ERA_conus.1303,ERA_conus.1304,ERA_conus.1305,ERA_conus.1306,ERA_conus.1307,ERA_conus.1308,ERA_conus.1309,ERA_conus.1310,ERA_conus.1311,ERA_conus.1312,ERA_conus.1313,ERA_conus.1314,ERA_conus.1315,ERA_conus.1316,ERA_conus.1317,ERA_conus.1318,ERA_conus.1319,ERA_conus.1320,ERA_conus.1321,ERA_conus.1322,ERA_conus.1323,ERA_conus.1324,ERA_conus.1325,ERA_conus.1326,ERA_conus.1327,ERA_conus.1328,ERA_conus.1329,ERA_conus.1330,ERA_conus.1331,ERA_conus.1332,ERA_conus.1333,ERA_conus.1334,ERA_conus.1335,ERA_conus.1336,ERA_conus.1337,ERA_conus.1338,ERA_conus.1339,ERA_conus.1340,ERA_conus.1341,ERA_conus.1342,ERA_conus.1343,ERA_conus.1344,ERA_conus.1345,ERA_conus.1346,ERA_conus.1347,ERA_conus.1348,ERA_conus.1349,ERA_conus.1350,ERA_conus.1351,ERA_conus.1352,ERA_conus.1353,ERA_conus.1354,ERA_conus.1355,ERA_conus.1356,ERA_conus.1357,ERA_conus.1358,ERA_conus.1359,ERA_conus.1360,ERA_conus.1361,ERA_conus.1362,ERA_conus.1363,ERA_conus.1364,ERA_conus.1365,ERA_conus.1366,ERA_conus.1367,ERA_conus.1368,ERA_conus.1369,ERA_conus.1370,ERA_conus.1371,ERA_conus.1372,ERA_conus.1373,ERA_conus.1374,ERA_conus.1375,ERA_conus.1376,ERA_conus.1377,ERA_conus.1378,ERA_conus.1379,ERA_conus.1380,ERA_conus.1381,ERA_conus.1382,ERA_conus.1383,ERA_conus.1384,ERA_conus.1385,ERA_conus.1386,ERA_conus.1387,ERA_conus.1388,ERA_conus.1389,ERA_conus.1390,ERA_conus.1391,ERA_conus.1392,ERA_conus.1393,ERA_conus.1394,ERA_conus.1395,ERA_conus.1396,ERA_conus.1397,ERA_conus.1398,ERA_conus.1399,ERA_conus.1400,ERA_conus.1401,ERA_conus.1402,ERA_conus.1403,ERA_conus.1404,ERA_conus.1405,ERA_conus.1406,ERA_conus.1407,ERA_conus.1408,ERA_conus.1409,ERA_conus.1410,ERA_conus.1411,ERA_conus.1412,ERA_conus.1413,ERA_conus.1414,ERA_conus.1415,ERA_conus.1416,ERA_conus.1417,ERA_conus.1418,ERA_conus.1419,ERA_conus.1420,ERA_conus.1421,ERA_conus.1422,ERA_conus.1423,ERA_conus.1424,ERA_conus.1425,ERA_conus.1426,ERA_conus.1427,ERA_conus.1428,ERA_conus.1429,ERA_conus.1430,ERA_conus.1431,ERA_conus.1432,ERA_conus.1433,ERA_conus.1434,ERA_conus.1435,ERA_conus.1436,ERA_conus.1437,ERA_conus.1438,ERA_conus.1439,ERA_conus.1440,ERA_conus.1441,ERA_conus.1442,ERA_conus.1443,ERA_conus.1444,ERA_conus.1445,ERA_conus.1446,ERA_conus.1447,ERA_conus.1448,ERA_conus.1449,ERA_conus.1450,ERA_conus.1451,ERA_conus.1452,ERA_conus.1453,ERA_conus.1454,ERA_conus.1455,ERA_conus.1456,ERA_conus.1457,ERA_conus.1458,ERA_conus.1459,ERA_conus.1460,ERA_conus.1461,ERA_conus.1462,ERA_conus.1463,ERA_conus.1464,ERA_conus.1465,ERA_conus.1466,ERA_conus.1467,ERA_conus.1468,ERA_conus.1469,ERA_conus.1470,ERA_conus.1471,ERA_conus.1472,ERA_conus.1473,ERA_conus.1474,ERA_conus.1475,ERA_conus.1476,ERA_conus.1477,ERA_conus.1478,ERA_conus.1479,ERA_conus.1480,ERA_conus.1481,ERA_conus.1482,ERA_conus.1483,ERA_conus.1484,ERA_conus.1485,ERA_conus.1486,ERA_conus.1487,ERA_conus.1488,ERA_conus.1489,ERA_conus.1490,ERA_conus.1491,ERA_conus.1492,ERA_conus.1493,ERA_conus.1494,ERA_conus.1495,ERA_conus.1496,ERA_conus.1497,ERA_conus.1498,ERA_conus.1499,ERA_conus.1500,ERA_conus.1501,ERA_conus.1502,ERA_conus.1503,ERA_conus.1504,ERA_conus.1505,ERA_conus.1506,ERA_conus.1507,ERA_conus.1508,ERA_conus.1509,ERA_conus.1510,ERA_conus.1511,ERA_conus.1512,ERA_conus.1513,ERA_conus.1514,ERA_conus.1515,ERA_conus.1516,ERA_conus.1517,ERA_conus.1518,ERA_conus.1519,ERA_conus.1520,ERA_conus.1521,ERA_conus.1522,ERA_conus.1523,ERA_conus.1524,ERA_conus.1525,ERA_conus.1526,ERA_conus.1527,ERA_conus.1528,ERA_conus.1529,ERA_conus.1530,ERA_conus.1531,ERA_conus.1532,ERA_conus.1533,ERA_conus.1534,ERA_conus.1535,ERA_conus.1536,ERA_conus.1537,ERA_conus.1538,ERA_conus.1539,ERA_conus.1540,ERA_conus.1541,ERA_conus.1542,ERA_conus.1543,ERA_conus.1544,ERA_conus.1545,ERA_conus.1546,ERA_conus.1547,ERA_conus.1548,ERA_conus.1549,ERA_conus.1550,ERA_conus.1551,ERA_conus.1552,ERA_conus.1553,ERA_conus.1554,ERA_conus.1555,ERA_conus.1556,ERA_conus.1557,ERA_conus.1558,ERA_conus.1559,ERA_conus.1560,ERA_conus.1561,ERA_conus.1562,ERA_conus.1563,ERA_conus.1564,ERA_conus.1565,ERA_conus.1566,ERA_conus.1567,ERA_conus.1568,ERA_conus.1569,ERA_conus.1570,ERA_conus.1571,ERA_conus.1572,ERA_conus.1573,ERA_conus.1574,ERA_conus.1575,ERA_conus.1576,ERA_conus.1577,ERA_conus.1578,ERA_conus.1579,ERA_conus.1580,ERA_conus.1581,ERA_conus.1582,ERA_conus.1583,ERA_conus.1584,ERA_conus.1585,ERA_conus.1586,ERA_conus.1587,ERA_conus.1588,ERA_conus.1589,ERA_conus.1590,ERA_conus.1591,ERA_conus.1592,ERA_conus.1593,ERA_conus.1594,ERA_conus.1595,ERA_conus.1596,ERA_conus.1597,ERA_conus.1598,ERA_conus.1599,ERA_conus.1600,ERA_conus.1601,ERA_conus.1602,ERA_conus.1603,ERA_conus.1604,ERA_conus.1605,ERA_conus.1606,ERA_conus.1607,ERA_conus.1608,ERA_conus.1609,ERA_conus.1610,ERA_conus.1611,ERA_conus.1612,ERA_conus.1613,ERA_conus.1614,ERA_conus.1615,ERA_conus.1616,ERA_conus.1617,ERA_conus.1618,ERA_conus.1619,ERA_conus.1620,ERA_conus.1621,ERA_conus.1622,ERA_conus.1623,ERA_conus.1624,ERA_conus.1625,ERA_conus.1626,ERA_conus.1627,ERA_conus.1628,ERA_conus.1629,ERA_conus.1630,ERA_conus.1631,ERA_conus.1632,ERA_conus.1633,ERA_conus.1634,ERA_conus.1635,ERA_conus.1636,ERA_conus.1637,ERA_conus.1638,ERA_conus.1639,ERA_conus.1640,ERA_conus.1641,ERA_conus.1642,ERA_conus.1643,ERA_conus.1644,ERA_conus.1645,ERA_conus.1646,ERA_conus.1647,ERA_conus.1648,ERA_conus.1649,ERA_conus.1650,ERA_conus.1651,ERA_conus.1652,ERA_conus.1653,ERA_conus.1654,ERA_conus.1655,ERA_conus.1656,ERA_conus.1657,ERA_conus.1658,ERA_conus.1659,ERA_conus.1660,ERA_conus.1661,ERA_conus.1662,ERA_conus.1663,ERA_conus.1664,ERA_conus.1665,ERA_conus.1666,ERA_conus.1667,ERA_conus.1668,ERA_conus.1669,ERA_conus.1670,ERA_conus.1671,ERA_conus.1672,ERA_conus.1673,ERA_conus.1674,ERA_conus.1675,ERA_conus.1676,ERA_conus.1677,ERA_conus.1678,ERA_conus.1679,ERA_conus.1680,ERA_conus.1681,ERA_conus.1682,ERA_conus.1683,ERA_conus.1684,ERA_conus.1685,ERA_conus.1686,ERA_conus.1687,ERA_conus.1688,ERA_conus.1689,ERA_conus.1690,ERA_conus.1691,ERA_conus.1692,ERA_conus.1693,ERA_conus.1694,ERA_conus.1695,ERA_conus.1696,ERA_conus.1697,ERA_conus.1698,ERA_conus.1699,ERA_conus.1700,ERA_conus.1701,ERA_conus.1702,ERA_conus.1703,ERA_conus.1704,ERA_conus.1705,ERA_conus.1706,ERA_conus.1707,ERA_conus.1708,ERA_conus.1709,ERA_conus.1710,ERA_conus.1711,ERA_conus.1712,ERA_conus.1713,ERA_conus.1714,ERA_conus.1715,ERA_conus.1716,ERA_conus.1717,ERA_conus.1718,ERA_conus.1719,ERA_conus.1720,ERA_conus.1721,ERA_conus.1722,ERA_conus.1723,ERA_conus.1724,ERA_conus.1725,ERA_conus.1726,ERA_conus.1727,ERA_conus.1728,ERA_conus.1729,ERA_conus.1730,ERA_conus.1731,ERA_conus.1732,ERA_conus.1733,ERA_conus.1734,ERA_conus.1735,ERA_conus.1736,ERA_conus.1737,ERA_conus.1738,ERA_conus.1739,ERA_conus.1740,ERA_conus.1741,ERA_conus.1742,ERA_conus.1743,ERA_conus.1744,ERA_conus.1745,ERA_conus.1746,ERA_conus.1747,ERA_conus.1748,ERA_conus.1749,ERA_conus.1750,ERA_conus.1751,ERA_conus.1752,ERA_conus.1753,ERA_conus.1754,ERA_conus.1755,ERA_conus.1756,ERA_conus.1757,ERA_conus.1758,ERA_conus.1759,ERA_conus.1760,ERA_conus.1761,ERA_conus.1762,ERA_conus.1763,ERA_conus.1764,ERA_conus.1765,ERA_conus.1766,ERA_conus.1767,ERA_conus.1768,ERA_conus.1769,ERA_conus.1770,ERA_conus.1771,ERA_conus.1772,ERA_conus.1773,ERA_conus.1774,ERA_conus.1775,ERA_conus.1776,ERA_conus.1777,ERA_conus.1778,ERA_conus.1779,ERA_conus.1780,ERA_conus.1781,ERA_conus.1782,ERA_conus.1783,ERA_conus.1784,ERA_conus.1785,ERA_conus.1786,ERA_conus.1787,ERA_conus.1788,ERA_conus.1789,ERA_conus.1790,ERA_conus.1791,ERA_conus.1792,ERA_conus.1793,ERA_conus.1794,ERA_conus.1795,ERA_conus.1796,ERA_conus.1797,ERA_conus.1798,ERA_conus.1799,ERA_conus.1800,ERA_conus.1801,ERA_conus.1802,ERA_conus.1803,ERA_conus.1804,ERA_conus.1805,ERA_conus.1806,ERA_conus.1807,ERA_conus.1808,ERA_conus.1809,ERA_conus.1810,ERA_conus.1811,ERA_conus.1812,ERA_conus.1813,ERA_conus.1814,ERA_conus.1815,ERA_conus.1816,ERA_conus.1817,ERA_conus.1818,ERA_conus.1819,ERA_conus.1820,ERA_conus.1821,ERA_conus.1822,ERA_conus.1823,ERA_conus.1824,ERA_conus.1825,ERA_conus.1826,ERA_conus.1827,ERA_conus.1828,ERA_conus.1829,ERA_conus.1830,ERA_conus.1831,ERA_conus.1832,ERA_conus.1833,ERA_conus.1834,ERA_conus.1835,ERA_conus.1836,ERA_conus.1837,ERA_conus.1838,ERA_conus.1839,ERA_conus.1840,ERA_conus.1841,ERA_conus.1842,ERA_conus.1843,ERA_conus.1844,ERA_conus.1845,ERA_conus.1846,ERA_conus.1847,ERA_conus.1848,ERA_conus.1849,ERA_conus.1850,ERA_conus.1851,ERA_conus.1852,ERA_conus.1853,ERA_conus.1854,ERA_conus.1855,ERA_conus.1856,ERA_conus.1857,ERA_conus.1858,ERA_conus.1859,ERA_conus.1860,ERA_conus.1861,ERA_conus.1862,ERA_conus.1863,ERA_conus.1864,ERA_conus.1865,ERA_conus.1866,ERA_conus.1867,ERA_conus.1868,ERA_conus.1869,ERA_conus.1870,ERA_conus.1871,ERA_conus.1872,ERA_conus.1873,ERA_conus.1874,ERA_conus.1875,ERA_conus.1876,ERA_conus.1877,ERA_conus.1878,ERA_conus.1879,ERA_conus.1880,ERA_conus.1881,ERA_conus.1882,ERA_conus.1883,ERA_conus.1884,ERA_conus.1885,ERA_conus.1886,ERA_conus.1887,ERA_conus.1888,ERA_conus.1889,ERA_conus.1890,ERA_conus.1891,ERA_conus.1892,ERA_conus.1893,ERA_conus.1894,ERA_conus.1895,ERA_conus.1896,ERA_conus.1897,ERA_conus.1898,ERA_conus.1899,ERA_conus.1900,ERA_conus.1901,ERA_conus.1902,ERA_conus.1903,ERA_conus.1904,ERA_conus.1905,ERA_conus.1906,ERA_conus.1907,ERA_conus.1908,ERA_conus.1909,ERA_conus.1910,ERA_conus.1911,ERA_conus.1912,ERA_conus.1913,ERA_conus.1914,ERA_conus.1915,ERA_conus.1916,ERA_conus.1917,ERA_conus.1918,ERA_conus.1919,ERA_conus.1920,ERA_conus.1921,ERA_conus.1922,ERA_conus.1923,ERA_conus.1924,ERA_conus.1925,ERA_conus.1926,ERA_conus.1927,ERA_conus.1928,ERA_conus.1929,ERA_conus.1930,ERA_conus.1931,ERA_conus.1932,ERA_conus.1933,ERA_conus.1934,ERA_conus.1935,ERA_conus.1936,ERA_conus.1937,ERA_conus.1938,ERA_conus.1939,ERA_conus.1940,ERA_conus.1941,ERA_conus.1942,ERA_conus.1943,ERA_conus.1944,ERA_conus.1945,ERA_conus.1946,ERA_conus.1947,ERA_conus.1948,ERA_conus.1949,ERA_conus.1950,ERA_conus.1951,ERA_conus.1952,ERA_conus.1953,ERA_conus.1954,ERA_conus.1955,ERA_conus.1956,ERA_conus.1957,ERA_conus.1958,ERA_conus.1959,ERA_conus.1960,ERA_conus.1961,ERA_conus.1962,ERA_conus.1963,ERA_conus.1964,ERA_conus.1965,ERA_conus.1966,ERA_conus.1967,ERA_conus.1968,ERA_conus.1969,ERA_conus.1970,ERA_conus.1971,ERA_conus.1972,ERA_conus.1973,ERA_conus.1974,ERA_conus.1975,ERA_conus.1976,ERA_conus.1977,ERA_conus.1978,ERA_conus.1979,ERA_conus.1980,ERA_conus.1981,ERA_conus.1982,ERA_conus.1983,ERA_conus.1984,ERA_conus.1985,ERA_conus.1986,ERA_conus.1987,ERA_conus.1988,ERA_conus.1989,ERA_conus.1990,ERA_conus.1991,ERA_conus.1992,ERA_conus.1993,ERA_conus.1994,ERA_conus.1995,ERA_conus.1996,ERA_conus.1997,ERA_conus.1998,ERA_conus.1999,ERA_conus.2000,ERA_conus.2001,ERA_conus.2002,ERA_conus.2003,ERA_conus.2004,ERA_conus.2005,ERA_conus.2006,ERA_conus.2007,ERA_conus.2008,ERA_conus.2009,ERA_conus.2010,ERA_conus.2011,ERA_conus.2012,ERA_conus.2013,ERA_conus.2014,ERA_conus.2015,ERA_conus.2016,ERA_conus.2017,ERA_conus.2018,ERA_conus.2019,ERA_conus.2020,ERA_conus.2021,ERA_conus.2022,ERA_conus.2023,ERA_conus.2024,ERA_conus.2025,ERA_conus.2026,ERA_conus.2027,ERA_conus.2028,ERA_conus.2029,ERA_conus.2030,ERA_conus.2031,ERA_conus.2032,ERA_conus.2033,ERA_conus.2034,ERA_conus.2035,ERA_conus.2036,ERA_conus.2037,ERA_conus.2038,ERA_conus.2039,ERA_conus.2040,ERA_conus.2041,ERA_conus.2042,ERA_conus.2043,ERA_conus.2044,ERA_conus.2045,ERA_conus.2046,ERA_conus.2047,ERA_conus.2048,ERA_conus.2049,ERA_conus.2050,ERA_conus.2051,ERA_conus.2052,ERA_conus.2053,ERA_conus.2054,ERA_conus.2055,ERA_conus.2056,ERA_conus.2057,ERA_conus.2058,ERA_conus.2059,ERA_conus.2060,ERA_conus.2061,ERA_conus.2062,ERA_conus.2063,ERA_conus.2064,ERA_conus.2065,ERA_conus.2066,ERA_conus.2067,ERA_conus.2068,ERA_conus.2069,ERA_conus.2070,ERA_conus.2071,ERA_conus.2072,ERA_conus.2073,ERA_conus.2074,ERA_conus.2075,ERA_conus.2076,ERA_conus.2077,ERA_conus.2078,ERA_conus.2079,ERA_conus.2080,ERA_conus.2081,ERA_conus.2082,ERA_conus.2083,ERA_conus.2084,ERA_conus.2085,ERA_conus.2086,ERA_conus.2087,ERA_conus.2088,ERA_conus.2089,ERA_conus.2090,ERA_conus.2091,ERA_conus.2092,ERA_conus.2093,ERA_conus.2094,ERA_conus.2095,ERA_conus.2096,ERA_conus.2097,ERA_conus.2098,ERA_conus.2099,ERA_conus.2100,ERA_conus.2101,ERA_conus.2102,ERA_conus.2103,ERA_conus.2104,ERA_conus.2105,ERA_conus.2106,ERA_conus.2107,ERA_conus.2108,ERA_conus.2109,ERA_conus.2110,ERA_conus.2111,ERA_conus.2112,ERA_conus.2113,ERA_conus.2114,ERA_conus.2115,ERA_conus.2116,ERA_conus.2117,ERA_conus.2118,ERA_conus.2119,ERA_conus.2120,ERA_conus.2121,ERA_conus.2122,ERA_conus.2123,ERA_conus.2124,ERA_conus.2125,ERA_conus.2126,ERA_conus.2127,ERA_conus.2128,ERA_conus.2129,ERA_conus.2130,ERA_conus.2131,ERA_conus.2132,ERA_conus.2133,ERA_conus.2134,ERA_conus.2135,ERA_conus.2136,ERA_conus.2137,ERA_conus.2138,ERA_conus.2139,ERA_conus.2140,ERA_conus.2141,ERA_conus.2142,ERA_conus.2143,ERA_conus.2144,ERA_conus.2145,ERA_conus.2146,ERA_conus.2147,ERA_conus.2148,ERA_conus.2149,ERA_conus.2150,ERA_conus.2151,ERA_conus.2152,ERA_conus.2153,ERA_conus.2154,ERA_conus.2155,ERA_conus.2156,ERA_conus.2157,ERA_conus.2158,ERA_conus.2159,ERA_conus.2160,ERA_conus.2161,ERA_conus.2162,ERA_conus.2163,ERA_conus.2164,ERA_conus.2165,ERA_conus.2166,ERA_conus.2167,ERA_conus.2168,ERA_conus.2169,ERA_conus.2170,ERA_conus.2171,ERA_conus.2172,ERA_conus.2173,ERA_conus.2174,ERA_conus.2175,ERA_conus.2176,ERA_conus.2177,ERA_conus.2178,ERA_conus.2179,ERA_conus.2180,ERA_conus.2181,ERA_conus.2182,ERA_conus.2183,ERA_conus.2184,ERA_conus.2185,ERA_conus.2186,ERA_conus.2187,ERA_conus.2188,ERA_conus.2189,ERA_conus.2190,ERA_conus.2191,ERA_conus.2192,ERA_conus.2193,ERA_conus.2194,ERA_conus.2195,ERA_conus.2196,ERA_conus.2197,ERA_conus.2198,ERA_conus.2199,ERA_conus.2200,ERA_conus.2201,ERA_conus.2202,ERA_conus.2203,ERA_conus.2204,ERA_conus.2205,ERA_conus.2206,ERA_conus.2207,ERA_conus.2208,ERA_conus.2209,ERA_conus.2210,ERA_conus.2211,ERA_conus.2212,ERA_conus.2213,ERA_conus.2214,ERA_conus.2215,ERA_conus.2216,ERA_conus.2217,ERA_conus.2218,ERA_conus.2219,ERA_conus.2220,ERA_conus.2221,ERA_conus.2222,ERA_conus.2223,ERA_conus.2224,ERA_conus.2225,ERA_conus.2226,ERA_conus.2227,ERA_conus.2228,ERA_conus.2229,ERA_conus.2230,ERA_conus.2231,ERA_conus.2232,ERA_conus.2233,ERA_conus.2234,ERA_conus.2235,ERA_conus.2236,ERA_conus.2237,ERA_conus.2238,ERA_conus.2239,ERA_conus.2240,ERA_conus.2241,ERA_conus.2242,ERA_conus.2243,ERA_conus.2244,ERA_conus.2245,ERA_conus.2246,ERA_conus.2247,ERA_conus.2248,ERA_conus.2249,ERA_conus.2250,ERA_conus.2251,ERA_conus.2252,ERA_conus.2253,ERA_conus.2254,ERA_conus.2255,ERA_conus.2256,ERA_conus.2257,ERA_conus.2258,ERA_conus.2259,ERA_conus.2260,ERA_conus.2261,ERA_conus.2262,ERA_conus.2263,ERA_conus.2264,ERA_conus.2265,ERA_conus.2266,ERA_conus.2267,ERA_conus.2268,ERA_conus.2269,ERA_conus.2270,ERA_conus.2271,ERA_conus.2272,ERA_conus.2273,ERA_conus.2274,ERA_conus.2275,ERA_conus.2276,ERA_conus.2277,ERA_conus.2278,ERA_conus.2279,ERA_conus.2280,ERA_conus.2281,ERA_conus.2282,ERA_conus.2283,ERA_conus.2284,ERA_conus.2285,ERA_conus.2286,ERA_conus.2287,ERA_conus.2288,ERA_conus.2289,ERA_conus.2290,ERA_conus.2291,ERA_conus.2292,ERA_conus.2293,ERA_conus.2294,ERA_conus.2295,ERA_conus.2296,ERA_conus.2297,ERA_conus.2298,ERA_conus.2299,ERA_conus.2300,ERA_conus.2301,ERA_conus.2302,ERA_conus.2303,ERA_conus.2304,ERA_conus.2305,ERA_conus.2306,ERA_conus.2307,ERA_conus.2308,ERA_conus.2309,ERA_conus.2310,ERA_conus.2311,ERA_conus.2312,ERA_conus.2313,ERA_conus.2314,ERA_conus.2315,ERA_conus.2316,ERA_conus.2317,ERA_conus.2318,ERA_conus.2319,ERA_conus.2320,ERA_conus.2321,ERA_conus.2322,ERA_conus.2323,ERA_conus.2324,ERA_conus.2325,ERA_conus.2326,ERA_conus.2327,ERA_conus.2328,ERA_conus.2329,ERA_conus.2330,ERA_conus.2331,ERA_conus.2332,ERA_conus.2333,ERA_conus.2334,ERA_conus.2335,ERA_conus.2336,ERA_conus.2337,ERA_conus.2338,ERA_conus.2339,ERA_conus.2340,ERA_conus.2341,ERA_conus.2342,ERA_conus.2343,ERA_conus.2344,ERA_conus.2345,ERA_conus.2346,ERA_conus.2347,ERA_conus.2348,ERA_conus.2349,ERA_conus.2350,ERA_conus.2351,ERA_conus.2352,ERA_conus.2353,ERA_conus.2354,ERA_conus.2355,ERA_conus.2356,ERA_conus.2357,ERA_conus.2358,ERA_conus.2359,ERA_conus.2360,ERA_conus.2361,ERA_conus.2362,ERA_conus.2363,ERA_conus.2364,ERA_conus.2365,ERA_conus.2366,ERA_conus.2367,ERA_conus.2368,ERA_conus.2369,ERA_conus.2370,ERA_conus.2371,ERA_conus.2372,ERA_conus.2373,ERA_conus.2374,ERA_conus.2375,ERA_conus.2376,ERA_conus.2377,ERA_conus.2378,ERA_conus.2379,ERA_conus.2380,ERA_conus.2381,ERA_conus.2382,ERA_conus.2383,ERA_conus.2384,ERA_conus.2385,ERA_conus.2386,ERA_conus.2387,ERA_conus.2388,ERA_conus.2389,ERA_conus.2390,ERA_conus.2391,ERA_conus.2392,ERA_conus.2393,ERA_conus.2394,ERA_conus.2395,ERA_conus.2396,ERA_conus.2397,ERA_conus.2398,ERA_conus.2399,ERA_conus.2400,ERA_conus.2401,ERA_conus.2402,ERA_conus.2403,ERA_conus.2404,ERA_conus.2405,ERA_conus.2406,ERA_conus.2407,ERA_conus.2408,ERA_conus.2409,ERA_conus.2410,ERA_conus.2411,ERA_conus.2412,ERA_conus.2413,ERA_conus.2414,ERA_conus.2415,ERA_conus.2416,ERA_conus.2417,ERA_conus.2418,ERA_conus.2419,ERA_conus.2420,ERA_conus.2421,ERA_conus.2422,ERA_conus.2423,ERA_conus.2424,ERA_conus.2425,ERA_conus.2426,ERA_conus.2427,ERA_conus.2428,ERA_conus.2429,ERA_conus.2430,ERA_conus.2431,ERA_conus.2432,ERA_conus.2433,ERA_conus.2434,ERA_conus.2435,ERA_conus.2436,ERA_conus.2437,ERA_conus.2438,ERA_conus.2439,ERA_conus.2440,ERA_conus.2441,ERA_conus.2442,ERA_conus.2443,ERA_conus.2444,ERA_conus.2445,ERA_conus.2446,ERA_conus.2447,ERA_conus.2448,ERA_conus.2449,ERA_conus.2450,ERA_conus.2451,ERA_conus.2452,ERA_conus.2453,ERA_conus.2454,ERA_conus.2455,ERA_conus.2456,ERA_conus.2457,ERA_conus.2458,ERA_conus.2459,ERA_conus.2460,ERA_conus.2461,ERA_conus.2462,ERA_conus.2463,ERA_conus.2464,ERA_conus.2465,ERA_conus.2466,ERA_conus.2467,ERA_conus.2468,ERA_conus.2469,ERA_conus.2470,ERA_conus.2471,ERA_conus.2472,ERA_conus.2473,ERA_conus.2474,ERA_conus.2475,ERA_conus.2476,ERA_conus.2477,ERA_conus.2478,ERA_conus.2479,ERA_conus.2480,ERA_conus.2481,ERA_conus.2482,ERA_conus.2483,ERA_conus.2484,ERA_conus.2485,ERA_conus.2486,ERA_conus.2487,ERA_conus.2488,ERA_conus.2489,ERA_conus.2490,ERA_conus.2491,ERA_conus.2492,ERA_conus.2493,ERA_conus.2494,ERA_conus.2495,ERA_conus.2496,ERA_conus.2497,ERA_conus.2498,ERA_conus.2499,ERA_conus.2500,ERA_conus.2501,ERA_conus.2502,ERA_conus.2503,ERA_conus.2504,ERA_conus.2505,ERA_conus.2506,ERA_conus.2507,ERA_conus.2508,ERA_conus.2509,ERA_conus.2510,ERA_conus.2511,ERA_conus.2512,ERA_conus.2513,ERA_conus.2514,ERA_conus.2515,ERA_conus.2516,ERA_conus.2517,ERA_conus.2518,ERA_conus.2519,ERA_conus.2520,ERA_conus.2521,ERA_conus.2522,ERA_conus.2523,ERA_conus.2524,ERA_conus.2525,ERA_conus.2526,ERA_conus.2527,ERA_conus.2528,ERA_conus.2529,ERA_conus.2530,ERA_conus.2531,ERA_conus.2532,ERA_conus.2533,ERA_conus.2534,ERA_conus.2535,ERA_conus.2536,ERA_conus.2537,ERA_conus.2538,ERA_conus.2539,ERA_conus.2540,ERA_conus.2541,ERA_conus.2542,ERA_conus.2543,ERA_conus.2544,ERA_conus.2545,ERA_conus.2546,ERA_conus.2547,ERA_conus.2548,ERA_conus.2549,ERA_conus.2550,ERA_conus.2551,ERA_conus.2552,ERA_conus.2553,ERA_conus.2554,ERA_conus.2555,ERA_conus.2556,ERA_conus.2557,ERA_conus.2558,ERA_conus.2559,ERA_conus.2560,ERA_conus.2561,ERA_conus.2562,ERA_conus.2563,ERA_conus.2564,ERA_conus.2565,ERA_conus.2566,ERA_conus.2567,ERA_conus.2568,ERA_conus.2569,ERA_conus.2570,ERA_conus.2571,ERA_conus.2572,ERA_conus.2573,ERA_conus.2574,ERA_conus.2575,ERA_conus.2576,ERA_conus.2577,ERA_conus.2578,ERA_conus.2579,ERA_conus.2580,ERA_conus.2581,ERA_conus.2582,ERA_conus.2583,ERA_conus.2584,ERA_conus.2585,ERA_conus.2586,ERA_conus.2587,ERA_conus.2588,ERA_conus.2589,ERA_conus.2590,ERA_conus.2591,ERA_conus.2592,ERA_conus.2593,ERA_conus.2594,ERA_conus.2595,ERA_conus.2596,ERA_conus.2597,ERA_conus.2598,ERA_conus.2599,ERA_conus.2600,ERA_conus.2601,ERA_conus.2602,ERA_conus.2603,ERA_conus.2604,ERA_conus.2605,ERA_conus.2606,ERA_conus.2607,ERA_conus.2608,ERA_conus.2609,ERA_conus.2610,ERA_conus.2611,ERA_conus.2612,ERA_conus.2613,ERA_conus.2614,ERA_conus.2615,ERA_conus.2616,ERA_conus.2617,ERA_conus.2618,ERA_conus.2619,ERA_conus.2620,ERA_conus.2621,ERA_conus.2622,ERA_conus.2623,ERA_conus.2624,ERA_conus.2625,ERA_conus.2626,ERA_conus.2627,ERA_conus.2628,ERA_conus.2629,ERA_conus.2630,ERA_conus.2631,ERA_conus.2632,ERA_conus.2633,ERA_conus.2634,ERA_conus.2635,ERA_conus.2636,ERA_conus.2637,ERA_conus.2638,ERA_conus.2639,ERA_conus.2640,ERA_conus.2641,ERA_conus.2642,ERA_conus.2643,ERA_conus.2644,ERA_conus.2645,ERA_conus.2646,ERA_conus.2647,ERA_conus.2648,ERA_conus.2649,ERA_conus.2650,ERA_conus.2651,ERA_conus.2652,ERA_conus.2653,ERA_conus.2654,ERA_conus.2655,ERA_conus.2656,ERA_conus.2657,ERA_conus.2658,ERA_conus.2659,ERA_conus.2660,ERA_conus.2661,ERA_conus.2662,ERA_conus.2663,ERA_conus.2664,ERA_conus.2665,ERA_conus.2666,ERA_conus.2667,ERA_conus.2668,ERA_conus.2669,ERA_conus.2670,ERA_conus.2671,ERA_conus.2672,ERA_conus.2673,ERA_conus.2674,ERA_conus.2675,ERA_conus.2676,ERA_conus.2677,ERA_conus.2678,ERA_conus.2679,ERA_conus.2680,ERA_conus.2681,ERA_conus.2682,ERA_conus.2683,ERA_conus.2684,ERA_conus.2685,ERA_conus.2686,ERA_conus.2687,ERA_conus.2688,ERA_conus.2689,ERA_conus.2690,ERA_conus.2691,ERA_conus.2692,ERA_conus.2693,ERA_conus.2694,ERA_conus.2695,ERA_conus.2696,ERA_conus.2697,ERA_conus.2698,ERA_conus.2699,ERA_conus.2700,ERA_conus.2701,ERA_conus.2702,ERA_conus.2703,ERA_conus.2704,ERA_conus.2705,ERA_conus.2706,ERA_conus.2707,ERA_conus.2708,ERA_conus.2709,ERA_conus.2710,ERA_conus.2711,ERA_conus.2712,ERA_conus.2713,ERA_conus.2714,ERA_conus.2715,ERA_conus.2716,ERA_conus.2717,ERA_conus.2718,ERA_conus.2719,ERA_conus.2720,ERA_conus.2721,ERA_conus.2722,ERA_conus.2723,ERA_conus.2724,ERA_conus.2725,ERA_conus.2726,ERA_conus.2727,ERA_conus.2728,ERA_conus.2729,ERA_conus.2730,ERA_conus.2731,ERA_conus.2732,ERA_conus.2733,ERA_conus.2734,ERA_conus.2735,ERA_conus.2736,ERA_conus.2737,ERA_conus.2738,ERA_conus.2739,ERA_conus.2740,ERA_conus.2741,ERA_conus.2742,ERA_conus.2743,ERA_conus.2744,ERA_conus.2745,ERA_conus.2746,ERA_conus.2747,ERA_conus.2748,ERA_conus.2749,ERA_conus.2750,ERA_conus.2751,ERA_conus.2752,ERA_conus.2753,ERA_conus.2754,ERA_conus.2755,ERA_conus.2756,ERA_conus.2757,ERA_conus.2758,ERA_conus.2759,ERA_conus.2760,ERA_conus.2761,ERA_conus.2762,ERA_conus.2763,ERA_conus.2764,ERA_conus.2765,ERA_conus.2766,ERA_conus.2767,ERA_conus.2768,ERA_conus.2769,ERA_conus.2770,ERA_conus.2771,ERA_conus.2772,ERA_conus.2773,ERA_conus.2774,ERA_conus.2775,ERA_conus.2776,ERA_conus.2777,ERA_conus.2778,ERA_conus.2779,ERA_conus.2780,ERA_conus.2781,ERA_conus.2782,ERA_conus.2783,ERA_conus.2784,ERA_conus.2785,ERA_conus.2786,ERA_conus.2787,ERA_conus.2788,ERA_conus.2789,ERA_conus.2790,ERA_conus.2791,ERA_conus.2792,ERA_conus.2793,ERA_conus.2794,ERA_conus.2795,ERA_conus.2796,ERA_conus.2797,ERA_conus.2798,ERA_conus.2799,ERA_conus.2800,ERA_conus.2801,ERA_conus.2802,ERA_conus.2803,ERA_conus.2804,ERA_conus.2805,ERA_conus.2806,ERA_conus.2807,ERA_conus.2808,ERA_conus.2809,ERA_conus.2810,ERA_conus.2811,ERA_conus.2812,ERA_conus.2813,ERA_conus.2814,ERA_conus.2815,ERA_conus.2816,ERA_conus.2817,ERA_conus.2818,ERA_conus.2819,ERA_conus.2820,ERA_conus.2821,ERA_conus.2822,ERA_conus.2823,ERA_conus.2824,ERA_conus.2825,ERA_conus.2826,ERA_conus.2827,ERA_conus.2828,ERA_conus.2829,ERA_conus.2830,ERA_conus.2831,ERA_conus.2832,ERA_conus.2833,ERA_conus.2834,ERA_conus.2835,ERA_conus.2836,ERA_conus.2837,ERA_conus.2838,ERA_conus.2839,ERA_conus.2840,ERA_conus.2841,ERA_conus.2842,ERA_conus.2843,ERA_conus.2844,ERA_conus.2845,ERA_conus.2846,ERA_conus.2847,ERA_conus.2848,ERA_conus.2849,ERA_conus.2850,ERA_conus.2851,ERA_conus.2852,ERA_conus.2853,ERA_conus.2854,ERA_conus.2855,ERA_conus.2856,ERA_conus.2857,ERA_conus.2858,ERA_conus.2859,ERA_conus.2860,ERA_conus.2861,ERA_conus.2862,ERA_conus.2863,ERA_conus.2864,ERA_conus.2865,ERA_conus.2866,ERA_conus.2867,ERA_conus.2868,ERA_conus.2869,ERA_conus.2870,ERA_conus.2871,ERA_conus.2872,ERA_conus.2873,ERA_conus.2874,ERA_conus.2875,ERA_conus.2876,ERA_conus.2877,ERA_conus.2878,ERA_conus.2879,ERA_conus.2880,ERA_conus.2881,ERA_conus.2882,ERA_conus.2883,ERA_conus.2884,ERA_conus.2885,ERA_conus.2886,ERA_conus.2887,ERA_conus.2888,ERA_conus.2889,ERA_conus.2890,ERA_conus.2891,ERA_conus.2892,ERA_conus.2893,ERA_conus.2894,ERA_conus.2895,ERA_conus.2896,ERA_conus.2897,ERA_conus.2898,ERA_conus.2899,ERA_conus.2900,ERA_conus.2901,ERA_conus.2902,ERA_conus.2903,ERA_conus.2904,ERA_conus.2905,ERA_conus.2906,ERA_conus.2907,ERA_conus.2908,ERA_conus.2909,ERA_conus.2910,ERA_conus.2911,ERA_conus.2912,ERA_conus.2913,ERA_conus.2914,ERA_conus.2915,ERA_conus.2916,ERA_conus.2917,ERA_conus.2918,ERA_conus.2919,ERA_conus.2920,ERA_conus.2921,ERA_conus.2922,ERA_conus.2923,ERA_conus.2924,ERA_conus.2925,ERA_conus.2926,ERA_conus.2927,ERA_conus.2928,ERA_conus.2929,ERA_conus.2930,ERA_conus.2931,ERA_conus.2932,ERA_conus.2933,ERA_conus.2934,ERA_conus.2935,ERA_conus.2936,ERA_conus.2937,ERA_conus.2938,ERA_conus.2939,ERA_conus.2940,ERA_conus.2941,ERA_conus.2942,ERA_conus.2943,ERA_conus.2944,ERA_conus.2945,ERA_conus.2946,ERA_conus.2947,ERA_conus.2948,ERA_conus.2949,ERA_conus.2950,ERA_conus.2951,ERA_conus.2952,ERA_conus.2953,ERA_conus.2954,ERA_conus.2955,ERA_conus.2956,ERA_conus.2957,ERA_conus.2958,ERA_conus.2959,ERA_conus.2960,ERA_conus.2961,ERA_conus.2962,ERA_conus.2963,ERA_conus.2964,ERA_conus.2965,ERA_conus.2966,ERA_conus.2967,ERA_conus.2968,ERA_conus.2969,ERA_conus.2970,ERA_conus.2971,ERA_conus.2972,ERA_conus.2973,ERA_conus.2974,ERA_conus.2975,ERA_conus.2976,ERA_conus.2977,ERA_conus.2978,ERA_conus.2979,ERA_conus.2980,ERA_conus.2981,ERA_conus.2982,ERA_conus.2983,ERA_conus.2984,ERA_conus.2985,ERA_conus.2986,ERA_conus.2987,ERA_conus.2988,ERA_conus.2989,ERA_conus.2990,ERA_conus.2991,ERA_conus.2992,ERA_conus.2993,ERA_conus.2994,ERA_conus.2995,ERA_conus.2996,ERA_conus.2997,ERA_conus.2998,ERA_conus.2999,ERA_conus.3000,ERA_conus.3001,ERA_conus.3002,ERA_conus.3003,ERA_conus.3004,ERA_conus.3005,ERA_conus.3006,ERA_conus.3007,ERA_conus.3008,ERA_conus.3009,ERA_conus.3010,ERA_conus.3011,ERA_conus.3012,ERA_conus.3013,ERA_conus.3014,ERA_conus.3015,ERA_conus.3016,ERA_conus.3017,ERA_conus.3018,ERA_conus.3019,ERA_conus.3020,ERA_conus.3021,ERA_conus.3022,ERA_conus.3023,ERA_conus.3024,ERA_conus.3025,ERA_conus.3026,ERA_conus.3027,ERA_conus.3028,ERA_conus.3029,ERA_conus.3030,ERA_conus.3031,ERA_conus.3032,ERA_conus.3033,ERA_conus.3034,ERA_conus.3035,ERA_conus.3036,ERA_conus.3037,ERA_conus.3038,ERA_conus.3039,ERA_conus.3040,ERA_conus.3041,ERA_conus.3042,ERA_conus.3043,ERA_conus.3044,ERA_conus.3045,ERA_conus.3046,ERA_conus.3047,ERA_conus.3048,ERA_conus.3049,ERA_conus.3050,ERA_conus.3051,ERA_conus.3052,ERA_conus.3053,ERA_conus.3054,ERA_conus.3055,ERA_conus.3056,ERA_conus.3057,ERA_conus.3058,ERA_conus.3059,ERA_conus.3060,ERA_conus.3061,ERA_conus.3062,ERA_conus.3063,ERA_conus.3064,ERA_conus.3065,ERA_conus.3066,ERA_conus.3067,ERA_conus.3068,ERA_conus.3069,ERA_conus.3070,ERA_conus.3071,ERA_conus.3072,ERA_conus.3073,ERA_conus.3074,ERA_conus.3075,ERA_conus.3076,ERA_conus.3077,ERA_conus.3078,ERA_conus.3079,ERA_conus.3080,ERA_conus.3081,ERA_conus.3082,ERA_conus.3083,ERA_conus.3084,ERA_conus.3085,ERA_conus.3086,ERA_conus.3087,ERA_conus.3088,ERA_conus.3089,ERA_conus.3090,ERA_conus.3091,ERA_conus.3092,ERA_conus.3093,ERA_conus.3094,ERA_conus.3095,ERA_conus.3096,ERA_conus.3097,ERA_conus.3098,ERA_conus.3099,ERA_conus.3100,ERA_conus.3101,ERA_conus.3102,ERA_conus.3103,ERA_conus.3104,ERA_conus.3105,ERA_conus.3106,ERA_conus.3107,ERA_conus.3108,ERA_conus.3109,ERA_conus.3110,ERA_conus.3111,ERA_conus.3112,ERA_conus.3113,ERA_conus.3114,ERA_conus.3115,ERA_conus.3116,ERA_conus.3117,ERA_conus.3118,ERA_conus.3119,ERA_conus.3120,ERA_conus.3121,ERA_conus.3122,ERA_conus.3123,ERA_conus.3124,ERA_conus.3125,ERA_conus.3126,ERA_conus.3127,ERA_conus.3128,ERA_conus.3129,ERA_conus.3130,ERA_conus.3131,ERA_conus.3132,ERA_conus.3133,ERA_conus.3134,ERA_conus.3135,ERA_conus.3136,ERA_conus.3137,ERA_conus.3138,ERA_conus.3139,ERA_conus.3140,ERA_conus.3141,ERA_conus.3142,ERA_conus.3143,ERA_conus.3144,ERA_conus.3145,ERA_conus.3146,ERA_conus.3147,ERA_conus.3148,ERA_conus.3149,ERA_conus.3150,ERA_conus.3151,ERA_conus.3152,ERA_conus.3153,ERA_conus.3154,ERA_conus.3155,ERA_conus.3156,ERA_conus.3157,ERA_conus.3158,ERA_conus.3159,ERA_conus.3160,ERA_conus.3161,ERA_conus.3162,ERA_conus.3163,ERA_conus.3164,ERA_conus.3165,ERA_conus.3166,ERA_conus.3167,ERA_conus.3168,ERA_conus.3169,ERA_conus.3170,ERA_conus.3171,ERA_conus.3172,ERA_conus.3173,ERA_conus.3174,ERA_conus.3175,ERA_conus.3176,ERA_conus.3177,ERA_conus.3178,ERA_conus.3179,ERA_conus.3180,ERA_conus.3181,ERA_conus.3182,ERA_conus.3183,ERA_conus.3184,ERA_conus.3185,ERA_conus.3186,ERA_conus.3187,ERA_conus.3188,ERA_conus.3189,ERA_conus.3190,ERA_conus.3191,ERA_conus.3192,ERA_conus.3193,ERA_conus.3194,ERA_conus.3195,ERA_conus.3196,ERA_conus.3197,ERA_conus.3198,ERA_conus.3199,ERA_conus.3200,ERA_conus.3201,ERA_conus.3202,ERA_conus.3203,ERA_conus.3204,ERA_conus.3205,ERA_conus.3206,ERA_conus.3207,ERA_conus.3208,ERA_conus.3209,ERA_conus.3210,ERA_conus.3211,ERA_conus.3212,ERA_conus.3213,ERA_conus.3214,ERA_conus.3215,ERA_conus.3216,ERA_conus.3217,ERA_conus.3218,ERA_conus.3219,ERA_conus.3220,ERA_conus.3221,ERA_conus.3222,ERA_conus.3223,ERA_conus.3224,ERA_conus.3225,ERA_conus.3226,ERA_conus.3227,ERA_conus.3228,ERA_conus.3229,ERA_conus.3230,ERA_conus.3231,ERA_conus.3232,ERA_conus.3233,ERA_conus.3234,ERA_conus.3235,ERA_conus.3236,ERA_conus.3237,ERA_conus.3238,ERA_conus.3239,ERA_conus.3240,ERA_conus.3241,ERA_conus.3242,ERA_conus.3243,ERA_conus.3244,ERA_conus.3245,ERA_conus.3246,ERA_conus.3247,ERA_conus.3248,ERA_conus.3249,ERA_conus.3250,ERA_conus.3251,ERA_conus.3252,ERA_conus.3253,ERA_conus.3254,ERA_conus.3255,ERA_conus.3256,ERA_conus.3257,ERA_conus.3258,ERA_conus.3259,ERA_conus.3260,ERA_conus.3261,ERA_conus.3262,ERA_conus.3263,ERA_conus.3264,ERA_conus.3265,ERA_conus.3266,ERA_conus.3267,ERA_conus.3268,ERA_conus.3269,ERA_conus.3270,ERA_conus.3271,ERA_conus.3272,ERA_conus.3273,ERA_conus.3274,ERA_conus.3275,ERA_conus.3276,ERA_conus.3277,ERA_conus.3278,ERA_conus.3279,ERA_conus.3280,ERA_conus.3281,ERA_conus.3282,ERA_conus.3283,ERA_conus.3284,ERA_conus.3285,ERA_conus.3286,ERA_conus.3287,ERA_conus.3288,ERA_conus.3289,ERA_conus.3290,ERA_conus.3291,ERA_conus.3292,ERA_conus.3293,ERA_conus.3294,ERA_conus.3295,ERA_conus.3296,ERA_conus.3297,ERA_conus.3298,ERA_conus.3299,ERA_conus.3300,ERA_conus.3301,ERA_conus.3302,ERA_conus.3303,ERA_conus.3304,ERA_conus.3305,ERA_conus.3306,ERA_conus.3307,ERA_conus.3308,ERA_conus.3309,ERA_conus.3310,ERA_conus.3311,ERA_conus.3312,ERA_conus.3313,ERA_conus.3314,ERA_conus.3315,ERA_conus.3316,ERA_conus.3317,ERA_conus.3318,ERA_conus.3319,ERA_conus.3320,ERA_conus.3321,ERA_conus.3322,ERA_conus.3323,ERA_conus.3324,ERA_conus.3325,ERA_conus.3326,ERA_conus.3327,ERA_conus.3328,ERA_conus.3329,ERA_conus.3330,ERA_conus.3331,ERA_conus.3332,ERA_conus.3333,ERA_conus.3334,ERA_conus.3335,ERA_conus.3336,ERA_conus.3337,ERA_conus.3338,ERA_conus.3339,ERA_conus.3340,ERA_conus.3341,ERA_conus.3342,ERA_conus.3343,ERA_conus.3344,ERA_conus.3345,ERA_conus.3346,ERA_conus.3347,ERA_conus.3348,ERA_conus.3349,ERA_conus.3350,ERA_conus.3351,ERA_conus.3352,ERA_conus.3353,ERA_conus.3354,ERA_conus.3355,ERA_conus.3356,ERA_conus.3357,ERA_conus.3358,ERA_conus.3359,ERA_conus.3360,ERA_conus.3361,ERA_conus.3362,ERA_conus.3363,ERA_conus.3364,ERA_conus.3365,ERA_conus.3366,ERA_conus.3367,ERA_conus.3368,ERA_conus.3369,ERA_conus.3370,ERA_conus.3371,ERA_conus.3372,ERA_conus.3373,ERA_conus.3374,ERA_conus.3375,ERA_conus.3376,ERA_conus.3377,ERA_conus.3378,ERA_conus.3379,ERA_conus.3380,ERA_conus.3381,ERA_conus.3382,ERA_conus.3383,ERA_conus.3384,ERA_conus.3385,ERA_conus.3386,ERA_conus.3387,ERA_conus.3388,ERA_conus.3389,ERA_conus.3390,ERA_conus.3391,ERA_conus.3392,ERA_conus.3393,ERA_conus.3394,ERA_conus.3395,ERA_conus.3396,ERA_conus.3397,ERA_conus.3398,ERA_conus.3399,ERA_conus.3400,ERA_conus.3401,ERA_conus.3402,ERA_conus.3403,ERA_conus.3404,ERA_conus.3405,ERA_conus.3406,ERA_conus.3407,ERA_conus.3408,ERA_conus.3409,ERA_conus.3410,ERA_conus.3411,ERA_conus.3412,ERA_conus.3413,ERA_conus.3414,ERA_conus.3415,ERA_conus.3416,ERA_conus.3417,ERA_conus.3418,ERA_conus.3419,ERA_conus.3420,ERA_conus.3421,ERA_conus.3422,ERA_conus.3423,ERA_conus.3424,ERA_conus.3425,ERA_conus.3426,ERA_conus.3427,ERA_conus.3428,ERA_conus.3429,ERA_conus.3430,ERA_conus.3431,ERA_conus.3432,ERA_conus.3433,ERA_conus.3434,ERA_conus.3435,ERA_conus.3436,ERA_conus.3437,ERA_conus.3438,ERA_conus.3439,ERA_conus.3440,ERA_conus.3441,ERA_conus.3442,ERA_conus.3443,ERA_conus.3444,ERA_conus.3445,ERA_conus.3446,ERA_conus.3447,ERA_conus.3448,ERA_conus.3449,ERA_conus.3450,ERA_conus.3451,ERA_conus.3452,ERA_conus.3453,ERA_conus.3454,ERA_conus.3455,ERA_conus.3456,ERA_conus.3457,ERA_conus.3458,ERA_conus.3459,ERA_conus.3460,ERA_conus.3461,ERA_conus.3462,ERA_conus.3463,ERA_conus.3464,ERA_conus.3465,ERA_conus.3466,ERA_conus.3467,ERA_conus.3468,ERA_conus.3469,ERA_conus.3470,ERA_conus.3471,ERA_conus.3472,ERA_conus.3473,ERA_conus.3474,ERA_conus.3475,ERA_conus.3476,ERA_conus.3477,ERA_conus.3478,ERA_conus.3479,ERA_conus.3480,ERA_conus.3481,ERA_conus.3482,ERA_conus.3483,ERA_conus.3484,ERA_conus.3485,ERA_conus.3486,ERA_conus.3487,ERA_conus.3488,ERA_conus.3489,ERA_conus.3490,ERA_conus.3491,ERA_conus.3492,ERA_conus.3493,ERA_conus.3494,ERA_conus.3495,ERA_conus.3496,ERA_conus.3497,ERA_conus.3498,ERA_conus.3499,ERA_conus.3500,ERA_conus.3501,ERA_conus.3502,ERA_conus.3503,ERA_conus.3504,ERA_conus.3505,ERA_conus.3506,ERA_conus.3507,ERA_conus.3508,ERA_conus.3509,ERA_conus.3510,ERA_conus.3511,ERA_conus.3512,ERA_conus.3513,ERA_conus.3514,ERA_conus.3515,ERA_conus.3516,ERA_conus.3517,ERA_conus.3518,ERA_conus.3519,ERA_conus.3520,ERA_conus.3521,ERA_conus.3522,ERA_conus.3523,ERA_conus.3524,ERA_conus.3525,ERA_conus.3526,ERA_conus.3527,ERA_conus.3528,ERA_conus.3529,ERA_conus.3530,ERA_conus.3531,ERA_conus.3532,ERA_conus.3533,ERA_conus.3534,ERA_conus.3535,ERA_conus.3536,ERA_conus.3537,ERA_conus.3538,ERA_conus.3539,ERA_conus.3540,ERA_conus.3541,ERA_conus.3542,ERA_conus.3543,ERA_conus.3544,ERA_conus.3545,ERA_conus.3546,ERA_conus.3547,ERA_conus.3548,ERA_conus.3549,ERA_conus.3550,ERA_conus.3551,ERA_conus.3552,ERA_conus.3553,ERA_conus.3554,ERA_conus.3555,ERA_conus.3556,ERA_conus.3557,ERA_conus.3558,ERA_conus.3559,ERA_conus.3560,ERA_conus.3561,ERA_conus.3562,ERA_conus.3563,ERA_conus.3564,ERA_conus.3565,ERA_conus.3566,ERA_conus.3567,ERA_conus.3568,ERA_conus.3569,ERA_conus.3570,ERA_conus.3571,ERA_conus.3572,ERA_conus.3573,ERA_conus.3574,ERA_conus.3575,ERA_conus.3576,ERA_conus.3577,ERA_conus.3578,ERA_conus.3579,ERA_conus.3580,ERA_conus.3581,ERA_conus.3582,ERA_conus.3583,ERA_conus.3584,ERA_conus.3585,ERA_conus.3586,ERA_conus.3587,ERA_conus.3588,ERA_conus.3589,ERA_conus.3590,ERA_conus.3591,ERA_conus.3592,ERA_conus.3593,ERA_conus.3594,ERA_conus.3595,ERA_conus.3596,ERA_conus.3597,ERA_conus.3598,ERA_conus.3599,ERA_conus.3600,ERA_conus.3601,ERA_conus.3602,ERA_conus.3603,ERA_conus.3604,ERA_conus.3605,ERA_conus.3606,ERA_conus.3607,ERA_conus.3608,ERA_conus.3609,ERA_conus.3610,ERA_conus.3611,ERA_conus.3612,ERA_conus.3613,ERA_conus.3614,ERA_conus.3615,ERA_conus.3616,ERA_conus.3617,ERA_conus.3618,ERA_conus.3619,ERA_conus.3620,ERA_conus.3621,ERA_conus.3622,ERA_conus.3623,ERA_conus.3624,ERA_conus.3625,ERA_conus.3626,ERA_conus.3627,ERA_conus.3628,ERA_conus.3629,ERA_conus.3630,ERA_conus.3631,ERA_conus.3632,ERA_conus.3633,ERA_conus.3634,ERA_conus.3635,ERA_conus.3636,ERA_conus.3637,ERA_conus.3638,ERA_conus.3639,ERA_conus.3640,ERA_conus.3641,ERA_conus.3642,ERA_conus.3643,ERA_conus.3644,ERA_conus.3645,ERA_conus.3646,ERA_conus.3647,ERA_conus.3648,ERA_conus.3649,ERA_conus.3650,ERA_conus.3651,ERA_conus.3652,ERA_conus.3653,ERA_conus.3654,ERA_conus.3655,ERA_conus.3656,ERA_conus.3657,ERA_conus.3658,ERA_conus.3659,ERA_conus.3660,ERA_conus.3661,ERA_conus.3662,ERA_conus.3663,ERA_conus.3664,ERA_conus.3665,ERA_conus.3666,ERA_conus.3667,ERA_conus.3668,ERA_conus.3669,ERA_conus.3670,ERA_conus.3671,ERA_conus.3672,ERA_conus.3673,ERA_conus.3674,ERA_conus.3675,ERA_conus.3676,ERA_conus.3677,ERA_conus.3678,ERA_conus.3679,ERA_conus.3680,ERA_conus.3681,ERA_conus.3682,ERA_conus.3683,ERA_conus.3684,ERA_conus.3685,ERA_conus.3686,ERA_conus.3687,ERA_conus.3688,ERA_conus.3689,ERA_conus.3690,ERA_conus.3691,ERA_conus.3692,ERA_conus.3693,ERA_conus.3694,ERA_conus.3695,ERA_conus.3696,ERA_conus.3697,ERA_conus.3698,ERA_conus.3699,ERA_conus.3700,ERA_conus.3701,ERA_conus.3702,ERA_conus.3703,ERA_conus.3704,ERA_conus.3705,ERA_conus.3706,ERA_conus.3707,ERA_conus.3708,ERA_conus.3709,ERA_conus.3710,ERA_conus.3711,ERA_conus.3712,ERA_conus.3713,ERA_conus.3714,ERA_conus.3715,ERA_conus.3716,ERA_conus.3717,ERA_conus.3718,ERA_conus.3719,ERA_conus.3720,ERA_conus.3721,ERA_conus.3722,ERA_conus.3723,ERA_conus.3724,ERA_conus.3725,ERA_conus.3726,ERA_conus.3727,ERA_conus.3728,ERA_conus.3729,ERA_conus.3730,ERA_conus.3731,ERA_conus.3732,ERA_conus.3733,ERA_conus.3734,ERA_conus.3735,ERA_conus.3736,ERA_conus.3737,ERA_conus.3738,ERA_conus.3739,ERA_conus.3740,ERA_conus.3741,ERA_conus.3742,ERA_conus.3743,ERA_conus.3744,ERA_conus.3745,ERA_conus.3746,ERA_conus.3747,ERA_conus.3748,ERA_conus.3749,ERA_conus.3750,ERA_conus.3751,ERA_conus.3752,ERA_conus.3753,ERA_conus.3754,ERA_conus.3755,ERA_conus.3756,ERA_conus.3757,ERA_conus.3758,ERA_conus.3759,ERA_conus.3760,ERA_conus.3761,ERA_conus.3762,ERA_conus.3763,ERA_conus.3764,ERA_conus.3765,ERA_conus.3766,ERA_conus.3767,ERA_conus.3768,ERA_conus.3769,ERA_conus.3770,ERA_conus.3771,ERA_conus.3772,ERA_conus.3773,ERA_conus.3774,ERA_conus.3775,ERA_conus.3776,ERA_conus.3777,ERA_conus.3778,ERA_conus.3779,ERA_conus.3780,ERA_conus.3781,ERA_conus.3782,ERA_conus.3783,ERA_conus.3784,ERA_conus.3785,ERA_conus.3786,ERA_conus.3787,ERA_conus.3788,ERA_conus.3789,ERA_conus.3790,ERA_conus.3791,ERA_conus.3792,ERA_conus.3793,ERA_conus.3794,ERA_conus.3795,ERA_conus.3796,ERA_conus.3797,ERA_conus.3798,ERA_conus.3799,ERA_conus.3800,ERA_conus.3801,ERA_conus.3802,ERA_conus.3803,ERA_conus.3804,ERA_conus.3805,ERA_conus.3806,ERA_conus.3807,ERA_conus.3808,ERA_conus.3809,ERA_conus.3810,ERA_conus.3811,ERA_conus.3812,ERA_conus.3813,ERA_conus.3814,ERA_conus.3815,ERA_conus.3816,ERA_conus.3817,ERA_conus.3818,ERA_conus.3819,ERA_conus.3820,ERA_conus.3821,ERA_conus.3822,ERA_conus.3823,ERA_conus.3824,ERA_conus.3825,ERA_conus.3826,ERA_conus.3827,ERA_conus.3828,ERA_conus.3829,ERA_conus.3830,ERA_conus.3831,ERA_conus.3832,ERA_conus.3833,ERA_conus.3834,ERA_conus.3835,ERA_conus.3836,ERA_conus.3837,ERA_conus.3838,ERA_conus.3839,ERA_conus.3840,ERA_conus.3841,ERA_conus.3842,ERA_conus.3843,ERA_conus.3844,ERA_conus.3845,ERA_conus.3846,ERA_conus.3847,ERA_conus.3848,ERA_conus.3849,ERA_conus.3850,ERA_conus.3851,ERA_conus.3852,ERA_conus.3853,ERA_conus.3854,ERA_conus.3855,ERA_conus.3856,ERA_conus.3857,ERA_conus.3858,ERA_conus.3859,ERA_conus.3860,ERA_conus.3861,ERA_conus.3862,ERA_conus.3863,ERA_conus.3864,ERA_conus.3865,ERA_conus.3866,ERA_conus.3867,ERA_conus.3868,ERA_conus.3869,ERA_conus.3870,ERA_conus.3871,ERA_conus.3872,ERA_conus.3873,ERA_conus.3874,ERA_conus.3875,ERA_conus.3876,ERA_conus.3877,ERA_conus.3878,ERA_conus.3879,ERA_conus.3880,ERA_conus.3881,ERA_conus.3882,ERA_conus.3883,ERA_conus.3884,ERA_conus.3885,ERA_conus.3886,ERA_conus.3887,ERA_conus.3888,ERA_conus.3889,ERA_conus.3890,ERA_conus.3891,ERA_conus.3892,ERA_conus.3893,ERA_conus.3894,ERA_conus.3895,ERA_conus.3896,ERA_conus.3897,ERA_conus.3898,ERA_conus.3899,ERA_conus.3900,ERA_conus.3901,ERA_conus.3902,ERA_conus.3903,ERA_conus.3904,ERA_conus.3905,ERA_conus.3906,ERA_conus.3907,ERA_conus.3908,ERA_conus.3909,ERA_conus.3910,ERA_conus.3911,ERA_conus.3912,ERA_conus.3913,ERA_conus.3914,ERA_conus.3915,ERA_conus.3916,ERA_conus.3917,ERA_conus.3918,ERA_conus.3919,ERA_conus.3920,ERA_conus.3921,ERA_conus.3922,ERA_conus.3923,ERA_conus.3924,ERA_conus.3925,ERA_conus.3926,ERA_conus.3927,ERA_conus.3928,ERA_conus.3929,ERA_conus.3930,ERA_conus.3931,ERA_conus.3932,ERA_conus.3933,ERA_conus.3934,ERA_conus.3935,ERA_conus.3936,ERA_conus.3937,ERA_conus.3938,ERA_conus.3939,ERA_conus.3940,ERA_conus.3941,ERA_conus.3942,ERA_conus.3943,ERA_conus.3944,ERA_conus.3945,ERA_conus.3946,ERA_conus.3947,ERA_conus.3948,ERA_conus.3949,ERA_conus.3950,ERA_conus.3951,ERA_conus.3952,ERA_conus.3953,ERA_conus.3954,ERA_conus.3955,ERA_conus.3956,ERA_conus.3957,ERA_conus.3958,ERA_conus.3959,ERA_conus.3960,ERA_conus.3961,ERA_conus.3962,ERA_conus.3963,ERA_conus.3964,ERA_conus.3965,ERA_conus.3966,ERA_conus.3967,ERA_conus.3968,ERA_conus.3969,ERA_conus.3970,ERA_conus.3971,ERA_conus.3972,ERA_conus.3973,ERA_conus.3974,ERA_conus.3975,ERA_conus.3976,ERA_conus.3977,ERA_conus.3978,ERA_conus.3979,ERA_conus.3980,ERA_conus.3981,ERA_conus.3982,ERA_conus.3983,ERA_conus.3984,ERA_conus.3985,ERA_conus.3986,ERA_conus.3987,ERA_conus.3988,ERA_conus.3989,ERA_conus.3990,ERA_conus.3991,ERA_conus.3992,ERA_conus.3993,ERA_conus.3994,ERA_conus.3995,ERA_conus.3996,ERA_conus.3997,ERA_conus.3998,ERA_conus.3999,ERA_conus.4000,ERA_conus.4001,ERA_conus.4002,ERA_conus.4003,ERA_conus.4004,ERA_conus.4005,ERA_conus.4006,ERA_conus.4007,ERA_conus.4008,ERA_conus.4009,ERA_conus.4010,ERA_conus.4011,ERA_conus.4012,ERA_conus.4013,ERA_conus.4014,ERA_conus.4015,ERA_conus.4016,ERA_conus.4017,ERA_conus.4018,ERA_conus.4019,ERA_conus.4020,ERA_conus.4021,ERA_conus.4022,ERA_conus.4023,ERA_conus.4024,ERA_conus.4025,ERA_conus.4026,ERA_conus.4027,ERA_conus.4028,ERA_conus.4029,ERA_conus.4030,ERA_conus.4031,ERA_conus.4032,ERA_conus.4033,ERA_conus.4034,ERA_conus.4035,ERA_conus.4036,ERA_conus.4037,ERA_conus.4038,ERA_conus.4039,ERA_conus.4040,ERA_conus.4041,ERA_conus.4042,ERA_conus.4043,ERA_conus.4044,ERA_conus.4045,ERA_conus.4046,ERA_conus.4047,ERA_conus.4048,ERA_conus.4049,ERA_conus.4050,ERA_conus.4051,ERA_conus.4052,ERA_conus.4053,ERA_conus.4054,ERA_conus.4055,ERA_conus.4056,ERA_conus.4057,ERA_conus.4058,ERA_conus.4059,ERA_conus.4060,ERA_conus.4061,ERA_conus.4062,ERA_conus.4063,ERA_conus.4064,ERA_conus.4065,ERA_conus.4066,ERA_conus.4067,ERA_conus.4068,ERA_conus.4069,ERA_conus.4070,ERA_conus.4071,ERA_conus.4072,ERA_conus.4073,ERA_conus.4074,ERA_conus.4075,ERA_conus.4076,ERA_conus.4077,ERA_conus.4078,ERA_conus.4079,ERA_conus.4080,ERA_conus.4081,ERA_conus.4082,ERA_conus.4083,ERA_conus.4084,ERA_conus.4085,ERA_conus.4086,ERA_conus.4087,ERA_conus.4088,ERA_conus.4089,ERA_conus.4090,ERA_conus.4091,ERA_conus.4092,ERA_conus.4093,ERA_conus.4094,ERA_conus.4095,ERA_conus.4096,ERA_conus.4097,ERA_conus.4098,ERA_conus.4099,ERA_conus.4100,ERA_conus.4101,ERA_conus.4102,ERA_conus.4103,ERA_conus.4104,ERA_conus.4105,ERA_conus.4106,ERA_conus.4107,ERA_conus.4108,ERA_conus.4109,ERA_conus.4110,ERA_conus.4111,ERA_conus.4112,ERA_conus.4113,ERA_conus.4114,ERA_conus.4115,ERA_conus.4116,ERA_conus.4117,ERA_conus.4118,ERA_conus.4119,ERA_conus.4120,ERA_conus.4121,ERA_conus.4122,ERA_conus.4123,ERA_conus.4124,ERA_conus.4125,ERA_conus.4126,ERA_conus.4127,ERA_conus.4128,ERA_conus.4129,ERA_conus.4130,ERA_conus.4131,ERA_conus.4132,ERA_conus.4133,ERA_conus.4134,ERA_conus.4135,ERA_conus.4136,ERA_conus.4137,ERA_conus.4138,ERA_conus.4139,ERA_conus.4140,ERA_conus.4141,ERA_conus.4142,ERA_conus.4143,ERA_conus.4144,ERA_conus.4145,ERA_conus.4146,ERA_conus.4147,ERA_conus.4148,ERA_conus.4149,ERA_conus.4150,ERA_conus.4151,ERA_conus.4152,ERA_conus.4153,ERA_conus.4154,ERA_conus.4155,ERA_conus.4156,ERA_conus.4157,ERA_conus.4158,ERA_conus.4159,ERA_conus.4160,ERA_conus.4161,ERA_conus.4162,ERA_conus.4163,ERA_conus.4164,ERA_conus.4165,ERA_conus.4166,ERA_conus.4167,ERA_conus.4168,ERA_conus.4169,ERA_conus.4170,ERA_conus.4171,ERA_conus.4172,ERA_conus.4173,ERA_conus.4174,ERA_conus.4175,ERA_conus.4176,ERA_conus.4177,ERA_conus.4178,ERA_conus.4179,ERA_conus.4180,ERA_conus.4181,ERA_conus.4182,ERA_conus.4183,ERA_conus.4184,ERA_conus.4185,ERA_conus.4186,ERA_conus.4187,ERA_conus.4188,ERA_conus.4189,ERA_conus.4190,ERA_conus.4191,ERA_conus.4192,ERA_conus.4193,ERA_conus.4194,ERA_conus.4195,ERA_conus.4196,ERA_conus.4197,ERA_conus.4198,ERA_conus.4199,ERA_conus.4200,ERA_conus.4201,ERA_conus.4202,ERA_conus.4203,ERA_conus.4204,ERA_conus.4205,ERA_conus.4206,ERA_conus.4207,ERA_conus.4208,ERA_conus.4209,ERA_conus.4210,ERA_conus.4211,ERA_conus.4212,ERA_conus.4213,ERA_conus.4214,ERA_conus.4215,ERA_conus.4216,ERA_conus.4217,ERA_conus.4218,ERA_conus.4219,ERA_conus.4220,ERA_conus.4221,ERA_conus.4222,ERA_conus.4223,ERA_conus.4224,ERA_conus.4225,ERA_conus.4226,ERA_conus.4227,ERA_conus.4228,ERA_conus.4229,ERA_conus.4230,ERA_conus.4231,ERA_conus.4232,ERA_conus.4233,ERA_conus.4234,ERA_conus.4235,ERA_conus.4236,ERA_conus.4237,ERA_conus.4238,ERA_conus.4239,ERA_conus.4240,ERA_conus.4241,ERA_conus.4242,ERA_conus.4243,ERA_conus.4244,ERA_conus.4245,ERA_conus.4246,ERA_conus.4247,ERA_conus.4248,ERA_conus.4249,ERA_conus.4250,ERA_conus.4251,ERA_conus.4252,ERA_conus.4253,ERA_conus.4254,ERA_conus.4255,ERA_conus.4256,ERA_conus.4257,ERA_conus.4258,ERA_conus.4259,ERA_conus.4260,ERA_conus.4261,ERA_conus.4262,ERA_conus.4263,ERA_conus.4264,ERA_conus.4265,ERA_conus.4266,ERA_conus.4267,ERA_conus.4268,ERA_conus.4269,ERA_conus.4270,ERA_conus.4271,ERA_conus.4272,ERA_conus.4273,ERA_conus.4274,ERA_conus.4275,ERA_conus.4276,ERA_conus.4277,ERA_conus.4278,ERA_conus.4279,ERA_conus.4280,ERA_conus.4281,ERA_conus.4282,ERA_conus.4283,ERA_conus.4284,ERA_conus.4285,ERA_conus.4286,ERA_conus.4287,ERA_conus.4288,ERA_conus.4289,ERA_conus.4290,ERA_conus.4291,ERA_conus.4292,ERA_conus.4293,ERA_conus.4294,ERA_conus.4295,ERA_conus.4296,ERA_conus.4297,ERA_conus.4298,ERA_conus.4299,ERA_conus.4300,ERA_conus.4301,ERA_conus.4302,ERA_conus.4303,ERA_conus.4304,ERA_conus.4305,ERA_conus.4306,ERA_conus.4307,ERA_conus.4308,ERA_conus.4309,ERA_conus.4310,ERA_conus.4311,ERA_conus.4312,ERA_conus.4313,ERA_conus.4314,ERA_conus.4315,ERA_conus.4316,ERA_conus.4317,ERA_conus.4318,ERA_conus.4319,ERA_conus.4320,ERA_conus.4321,ERA_conus.4322,ERA_conus.4323,ERA_conus.4324,ERA_conus.4325,ERA_conus.4326,ERA_conus.4327,ERA_conus.4328,ERA_conus.4329,ERA_conus.4330,ERA_conus.4331,ERA_conus.4332,ERA_conus.4333,ERA_conus.4334,ERA_conus.4335,ERA_conus.4336,ERA_conus.4337,ERA_conus.4338,ERA_conus.4339,ERA_conus.4340,ERA_conus.4341,ERA_conus.4342,ERA_conus.4343,ERA_conus.4344,ERA_conus.4345,ERA_conus.4346,ERA_conus.4347,ERA_conus.4348,ERA_conus.4349,ERA_conus.4350,ERA_conus.4351,ERA_conus.4352,ERA_conus.4353,ERA_conus.4354,ERA_conus.4355,ERA_conus.4356,ERA_conus.4357,ERA_conus.4358,ERA_conus.4359,ERA_conus.4360,ERA_conus.4361,ERA_conus.4362,ERA_conus.4363,ERA_conus.4364,ERA_conus.4365,ERA_conus.4366,ERA_conus.4367,ERA_conus.4368,ERA_conus.4369,ERA_conus.4370,ERA_conus.4371,ERA_conus.4372,ERA_conus.4373,ERA_conus.4374,ERA_conus.4375,ERA_conus.4376,ERA_conus.4377,ERA_conus.4378,ERA_conus.4379,ERA_conus.4380,ERA_conus.4381,ERA_conus.4382,ERA_conus.4383,ERA_conus.4384,ERA_conus.4385,ERA_conus.4386,ERA_conus.4387,ERA_conus.4388,ERA_conus.4389,ERA_conus.4390,ERA_conus.4391,ERA_conus.4392,ERA_conus.4393,ERA_conus.4394,ERA_conus.4395,ERA_conus.4396,ERA_conus.4397,ERA_conus.4398,ERA_conus.4399,ERA_conus.4400,ERA_conus.4401,ERA_conus.4402,ERA_conus.4403,ERA_conus.4404,ERA_conus.4405,ERA_conus.4406,ERA_conus.4407,ERA_conus.4408,ERA_conus.4409,ERA_conus.4410,ERA_conus.4411,ERA_conus.4412,ERA_conus.4413,ERA_conus.4414,ERA_conus.4415,ERA_conus.4416,ERA_conus.4417,ERA_conus.4418,ERA_conus.4419,ERA_conus.4420,ERA_conus.4421,ERA_conus.4422,ERA_conus.4423,ERA_conus.4424,ERA_conus.4425,ERA_conus.4426,ERA_conus.4427,ERA_conus.4428,ERA_conus.4429,ERA_conus.4430,ERA_conus.4431,ERA_conus.4432,ERA_conus.4433,ERA_conus.4434,ERA_conus.4435,ERA_conus.4436,ERA_conus.4437,ERA_conus.4438,ERA_conus.4439,ERA_conus.4440,ERA_conus.4441,ERA_conus.4442,ERA_conus.4443,ERA_conus.4444,ERA_conus.4445,ERA_conus.4446,ERA_conus.4447,ERA_conus.4448,ERA_conus.4449,ERA_conus.4450,ERA_conus.4451,ERA_conus.4452,ERA_conus.4453,ERA_conus.4454,ERA_conus.4455,ERA_conus.4456,ERA_conus.4457,ERA_conus.4458,ERA_conus.4459,ERA_conus.4460,ERA_conus.4461,ERA_conus.4462,ERA_conus.4463,ERA_conus.4464
-102.9,31.7,291.463714599609,292.37028503418,9722348,289.758193969727,289.485992431641,0,288.187774658203,287.491439819336,0,286.932388305664,285.855697631836,0,286.000869750977,284.414886474609,0,285.443649291992,283.588394165039,0,284.843795776367,282.918823242188,0,283.623382568359,281.922012329102,0,283.086639404297,281.023345947266,0,282.642135620117,280.439468383789,0,282.206146240234,279.865417480469,0,281.867935180664,279.378494262695,0,281.467391967773,278.921722412109,0,280.977615356445,278.398315429688,0,280.476516723633,277.841491699219,568,281.159591674805,279.003341674805,216900,284.570236206055,283.829391479492,919278,287.869064331055,289.533447265625,2077866,290.317321777344,294.741638183594,3561772,292.086410522461,298.301025390625,5214808,293.479995727539,299.94319152832,6805838,293.940902709961,298.529861450195,7751206,294.160369873047,296.931762695313,8358798,293.958755493164,295.178115844727,8830706,292.374694824219,292.14143371582,8956910,290.327117919922,289.285919189453,0,286.969085693359,286.749404907227,0,285.391662597656,285.166580200195,0,285.107467651367,284.212707519531,0,285.237243652344,283.714752197266,0,284.213775634766,282.141387939453,0,283.689529418945,281.997222900391,0,283.184432983398,281.067886352539,0,282.776565551758,280.313415527344,0,282.132186889648,279.80632019043,0,281.578475952148,279.395401000977,0,281.163208007813,279.094985961914,0,280.962753295898,278.930587768555,0,280.651260375977,278.660522460938,522,281.260879516602,279.474304199219,217156,282.91455078125,282.526824951172,917040,284.52685546875,286.205841064453,2099876,286.088104248047,289.501708984375,3632496,288.030990600586,292.158157348633,5337518,289.208648681641,293.575607299805,7028010,289.957763671875,293.741195678711,8524560,290.176864624023,292.734069824219,9660762,289.56233215332,290.465942382813,10288658,287.588012695313,287.114044189453,10451124,285.778427124023,284.117614746094,0,284.547897338867,282.179641723633,0,283.640060424805,280.9072265625,0,282.876831054688,279.989440917969,0,282.201324462891,279.230560302734,0,281.630584716797,278.581497192383,0,281.352020263672,278.201995849609,0,281.225311279297,277.950378417969,0,281.135345458984,277.774337768555,0,280.981094360352,277.637023925781,0,280.627578735352,277.401763916016,0,280.036666870117,276.968505859375,0,279.389999389648,276.38493347168,0,278.615585327148,275.76838684082,522,278.988632202148,276.805862426758,194000,283.001113891602,281.923843383789,875778,285.712829589844,288.205535888672,2016582,287.710739135742,292.476455688477,3498260,289.532974243164,295.403060913086,5136646,290.562255859375,297.073944091797,6784106,291.189239501953,297.220657348633,8231546,291.365737915039,295.974136352539,9343990,291.071273803711,293.196716308594,9971092,289.881134033203,289.044982910156,10124320,287.307174682617,285.057159423828,0,285.213912963867,282.312591552734,0,282.886367797852,280.488525390625,0,280.677093505859,279.269470214844,0,279.183532714844,278.269027709961,0,278.269592285156,277.546340942383,0,277.460083007813,277.054931640625,0,277.2822265625,277.001846313477,0,276.92463684082,276.705307006836,0,276.453918457031,276.215362548828,0,276.14665222168,276.04280090332,0,275.662307739258,275.511917114258,0,275.512619018555,275.438461303711,0,275.48698425293,275.480178833008,172,275.879791259766,276.169494628906,90098,276.540573120117,277.38671875,318830,278.645797729492,281.614929199219,1272386,280.959564208984,286.531967163086,2731684,282.336395263672,290.082962036133,4402962,284.387344360352,292.893615722656,6067314,286.091384887695,293.864318847656,7546522,287.176376342773,293.465026855469,8673994,287.545516967773,291.288879394531,9331098,286.150680541992,287.33415222168,9502548,284.698501586914,283.937362670898,0,283.72021484375,281.835403442383,0,282.952896118164,280.460494995117,0,282.719177246094,279.562591552734,0,283.251602172852,279.068817138672,0,283.773361206055,279.172744750977,0,283.911392211914,279.463623046875,0,283.951751708984,279.604522705078,0,283.949401855469,279.658096313477,0,283.74348449707,279.594085693359,0,283.482650756836,279.403228759766,0,283.127883911133,279.091766357422,0,282.697647094727,278.774917602539,0,282.131896972656,278.20149230957,386,282.851287841797,279.427352905273,216274,286.371520996094,284.101425170898,895506,288.9638671875,290.329025268555,1919218,289.68244934082,295.207122802734,3285548,286.421539306641,296.641098022461,4702744,285.641174316406,294.440841674805,5978504,283.707595825195,291.435653686523,6967628,281.772811889648,288.104339599609,7695938,280.212448120117,284.719192504883,8085718,278.325592041016,281.377044677734,8209266,276.071487426758,278.027404785156,0,274.028762817383,275.425796508789,0,272.453094482422,273.528579711914,0,271.394882202148,272.1201171875,0,270.787750244141,271.344680786133,0,270.059265136719,270.442962646484,0,266.940582275391,268.717239379883,0,266.162887573242,267.566284179688,0,265.665298461914,266.95149230957,0,265.35563659668,266.476654052734,0,265.206527709961,266.238479614258,0,265.069778442383,266.054580688477,0,265.142837524414,266.217864990234,0,265.215728759766,266.21452331543,350,265.760375976563,267.330718994141,193292,266.998565673828,270.210876464844,739140,268.503982543945,273.581787109375,1644020,269.913375854492,276.417373657227,2787268,268.000213623047,274.736343383789,3465388,268.737045288086,274.921920776367,4256656,269.539352416992,275.564666748047,5047588,270.350982666016,276.233276367188,5831240,270.883209228516,275.652770996094,6453400,270.65461730957,273.044967651367,6632568,269.748474121094,270.322372436523,0,268.908935546875,268.469131469727,0,268.233276367188,267.404830932617,0,267.699340820313,266.712936401367,0,267.223617553711,266.177154541016,0,266.762237548828,265.699035644531,0,265.996612548828,265.11474609375,0,265.644195556641,264.461456298828,0,265.553848266602,263.721115112305,0,265.77229309082,263.06494140625,0,265.755249023438,262.50227355957,0,265.756317138672,262.040084838867,0,265.694396972656,261.661224365234,0,265.658706665039,261.395538330078,436,266.765075683594,263.599136352539,232638,268.811492919922,270.286804199219,989488,270.644683837891,277.207229614258,2227726,272.283432006836,281.359252929688,3815174,273.153823852539,284.260040283203,5580012,274.566680908203,286.224960327148,7335224,275.597793579102,286.496994018555,8894376,276.176422119141,285.202041625977,10092300,276.156631469727,282.337005615234,10804514,274.885925292969,278.087997436523,11003240,273.354187011719,274.411804199219,0,272.592330932617,272.273712158203,0,272.112686157227,271.029891967773,0,271.728118896484,270.332000732422,0,271.401138305664,269.980133056641,0,271.165374755859,269.793884277344,0,271.16877746582,269.747421264648,0,270.992950439453,269.595169067383,0,270.851348876953,269.456802368164,0,270.723434448242,269.353958129883,0,270.541870117188,269.213012695313,0,270.35285949707,269.034149169922,0,270.201278686523,268.891143798828,0,270.120849609375,268.802291870117,386,271.392623901367,270.419815063477,217920,274.176483154297,274.857177734375,935038,277.119415283203,279.867202758789,2114986,279.906036376953,284.697998046875,3635346,282.938446044922,289.693923950195,5328756,285.215698242188,293.184188842773,7015298,286.970336914063,294.475814819336,8513562,288.133758544922,294.082397460938,9663978,288.375579833984,291.965744018555,10347334,286.5859375,287.843566894531,10541552,284.367431640625,283.996139526367,41.5,282.654373168945,281.485794067383,41.5,281.16813659668,279.691589355469,42,279.961715698242,278.284729003906,42,278.954727172852,277.088760375977,42,277.977066040039,275.973602294922,42,278.062026977539,275.07844543457,42,277.497161865234,274.199081420898,42,277.12922668457,273.541748046875,42,277.430725097656,273.029373168945,42,278.002716064453,272.604064941406,42,277.364776611328,272.243759155273,42,275.972091674805,271.953323364258,42,275.436767578125,271.738876342773,426,277.032699584961,273.68132019043,217442,281.593856811523,279.682510375977,933264,287.06982421875,287.928283691406,2113002,290.489410400391,294.149688720703,3634452,293.606430053711,298.8212890625,5338380,295.932052612305,301.653076171875,7039126,297.623458862305,302.852813720703,8555776,298.537826538086,302.339126586914,9724966,298.130706787109,299.992568969727,10424096,294.939865112305,295.452423095703,10624760,291.549407958984,291.044677734375,85.5,289.454132080078,288.187973022461,85.5,288.53141784668,286.423217773438,85,288.367691040039,285.434906005859,85,288.333221435547,285.079467773438,84,288.153213500977,284.909103393555,84,287.999725341797,284.414260864258,84,287.143112182617,283.139144897461,84,286.666748046875,281.966735839844,84,286.439834594727,281.193801879883,84,286.014617919922,280.754653930664,84,285.719528198242,280.701873779297,84,285.622512817383,280.718490600586,84,285.65690612793,280.733520507813,470,287.165603637695,282.50602722168,205400,290.750061035156,287.33251953125,923602,294.257705688477,293.580261230469,2114508,296.278930664063,298.741638183594,3649616,298.01530456543,302.063018798828,5331592,298.864868164063,304.383697509766,7014140,299.252777099609,304.692230224609,8467226,299.172790527344,303.404281616211,9564632,298.472213745117,300.762649536133,10232734,296.142807006836,296.612518310547,10436438,293.797073364258,292.502914428711,170.75,292.137008666992,289.578277587891,170.5,290.724807739258,287.338439941406,171,289.223281860352,285.556533813477,171,287.195114135742,283.853073120117,170,285.296142578125,281.775543212891,170,283.842697143555,279.81706237793,170,282.792526245117,278.381576538086,170,284.544540405273,277.419845581055,170,285.168792724609,276.705551147461,170,284.550354003906,276.129272460938,170,281.982116699219,275.658203125,170,279.838165283203,275.268035888672,170,278.955978393555,274.933120727539,604,280.343414306641,276.754089355469,223864,285.13102722168,282.88037109375,960338,291.238433837891,291.230850219727,2174982,295.227890014648,297.981796264648,3740824,298.435638427734,302.71696472168,5489292,299.603088378906,304.660934448242,7235060,300.106674194336,305.054046630859,8795878,300.073287963867,304.100250244141,10009140,299.395477294922,301.708938598633,10746262,297.087417602539,297.630462646484,10969480,294.647048950195,293.450424194336,339.25,293.059997558594,290.521682739258,339,291.670379638672,288.375030517578,339,290.309356689453,286.681304931641,339,288.255432128906,284.900543212891,338,289.184234619141,282.603118896484,338,285.954177856445,280.900802612305,338,283.300094604492,279.677703857422,338,282.205444335938,278.745956420898,338,281.750274658203,277.982055664063,338,281.800369262695,277.336196899414,338,281.690551757813,276.754150390625,338,281.421951293945,276.216567993164,338,280.499862670898,275.732467651367,810,281.275512695313,277.484710693359,222318,284.826538085938,283.634918212891,955554,289.016967773438,291.905578613281,2150506,291.906555175781,298.357528686523,3695326,294.306335449219,303.544799804688,5399252,295.923370361328,306.19026184082,7113718,296.979782104492,306.9677734375,8649690,297.482757568359,305.649017333984,9852806,297.059814453125,302.318984985352,10581810,294.835479736328,297.3740234375,10804290,292.147689819336,292.94645690918,553.25,290.181411743164,290.116485595703,553.5,288.703063964844,288.134078979492,553,287.688430786133,286.708099365234,553,287.034484863281,285.78662109375,553,286.456604003906,284.961273193359,554,286.142211914063,284.652725219727,554,285.993896484375,284.507522583008,554,285.784683227539,284.249588012695,554,286.033676147461,284.549133300781,554,286.364486694336,285.090850830078,554,286.848205566406,285.807479858398,554,287.356674194336,286.507293701172,554,287.649108886719,286.959457397461,724,287.943130493164,287.473861694336,59436,288.507827758789,288.373657226563,319818,289.766693115234,289.536499023438,815388,291.42121887207,292.355255126953,1604636,284.961227416992,291.017669677734,2154106,285.627563476563,290.299758911133,2724878,286.395263671875,290.327255249023,3265728,286.609069824219,289.939117431641,3680732,286.195922851563,288.893051147461,3974570,285.123123168945,287.135330200195,4088580,283.792495727539,285.139282226563,467.75,283.00617980957,283.958633422852,467.5,282.207672119141,282.982482910156,468,281.455032348633,282.192657470703,468,281.395324707031,282.05387878418,468,281.383575439453,282.025009155273,468,279.982513427734,281.264358520508,468,279.898284912109,280.869354248047,468,280.027328491211,280.692108154297,468,280.250869750977,280.700714111328,468,280.56330871582,280.851425170898,468,280.978561401367,281.108261108398,468,281.640579223633,281.534606933594,468,282.330718994141,282.089752197266,560,283.029281616211,282.810791015625,33072,283.937072753906,283.75422668457,121370,285.2060546875,285.032516479492,298096,287.143447875977,286.916885375977,670692,282.288192749023,284.974182128906,899820,283.248382568359,285.197631835938,1214172,283.930221557617,285.46484375,1467024,284.390975952148,285.717361450195,1705948,284.557830810547,285.59880065918,1874430,284.619781494141,285.157699584961,1951208,284.699722290039,284.604736328125,601.25,284.891174316406,284.426574707031,601.5,284.608505249023,284.203811645508,601,284.151702880859,283.928192138672,601,283.801193237305,283.661895751953,600,283.618148803711,283.417633056641,600,281.182388305664,282.328186035156,600,281.905197143555,282.227325439453,600,283.034408569336,282.740951538086,600,284.507339477539,283.744918823242,600,285.926361083984,284.931259155273,600,286.832641601563,285.817413330078,600,287.130126953125,286.3544921875,600,286.749008178711,286.38037109375,772,286.734375,286.462188720703,36978,287.107131958008,286.820693969727,160462,287.293762207031,287.369033813477,432452,288.048217773438,288.224334716797,821892,286.053192138672,287.179122924805,1099980,286.902404785156,288.760375976563,1960390,285.716110229492,288.355621337891,2573426,284.20426940918,285.791152954102,2979962,284.239624023438,284.279861450195,3313608,283.75634765625,282.694107055664,3512244,282.697219848633,280.559661865234,1494.25,282.163848876953,279.39225769043,1494,281.458160400391,278.718597412109,1494,280.798034667969,278.230941772461,1494,280.390411376953,277.920867919922,1494,280.030548095703,277.597839355469,1494,279.316558837891,277.118118286133,1494,279.420715332031,276.963714599609,1494,279.501815795898,276.885055541992,1494,279.389709472656,276.788833618164,1494,279.108032226563,276.604675292969,1494,278.787826538086,276.349136352539,1494,278.485488891602,276.086563110352,1494,278.194091796875,275.829376220703,2142,279.208801269531,277.168884277344,233096,281.847274780273,281.576248168945,974520,283.817001342773,285.681335449219,2175488,285.413314819336,288.819137573242,3740462,287.359970092773,291.192764282227,5513568,288.39533996582,292.409042358398,7291874,288.997192382813,292.514785766602,8891084,289.099227905273,291.564193725586,10143996,288.659317016602,289.614562988281,10921980,287.16455078125,286.522491455078,11179358,284.751022338867,283.096221923828,1961,283.97477722168,280.309982299805,1961,282.177307128906,278.50390625,1961,280.501968383789,277.357788085938,1961,279.662200927734,276.691009521484,1960,279.129592895508,276.323928833008,1960,279.237915039063,276.0693359375,1960,279.165481567383,276.219940185547,1960,278.864364624023,276.519775390625,1960,278.536956787109,276.788482666016,1960,278.098175048828,276.6796875,1960,277.508560180664,276.257171630859,1960,276.983093261719,275.787261962891,1960,276.625259399414,275.461486816406,2608,277.312484741211,276.38786315918,205274,278.755523681641,279.202835083008,783968,279.794845581055,280.854782104492,1363446,281.117813110352,283.568908691406,2305164,280.527328491211,283.229995727539,2759292,280.703247070313,283.121643066406,3202284,281.10107421875,283.575424194336,3713516,281.449676513672,283.926620483398,4277224,281.018966674805,282.570693969727,4419526,280.749572753906,281.390274047852,4451398,280.520355224609,280.697769165039,678.75,280.257400512695,279.972152709961,679,280.2294921875,280.124877929688,679,280.170700073242,280.066925048828,679,280.095291137695,279.945098876953,678,279.94694519043,279.793350219727,678,279.400039672852,279.248764038086,678,278.752212524414,278.464309692383,678,278.745483398438,278.46012878418,678,278.493759155273,278.205596923828,678,277.933639526367,277.556427001953,678,277.282028198242,276.776138305664,678,276.424133300781,275.692810058594,678,275.29280090332,274.182418823242,1410,276.399917602539,275.813064575195,224432,279.352905273438,282.243286132813,894538,281.127746582031,285.718170166016,2005128,283.020294189453,289.047180175781,3585758,284.531814575195,291.343292236328,5331918,285.635482788086,292.257629394531,7107518,286.468490600586,292.308349609375,8706586,287.008529663086,291.341506958008,9966672,287.098724365234,289.259719848633,10755768,285.853881835938,286.096664428711,11024878,284.17024230957,282.899108886719,3059.25,282.931533813477,280.783325195313,3059,282.028335571289,279.405502319336,3059,281.298782348633,278.545837402344,3059,280.544967651367,277.862365722656,3060,279.973541259766,277.260665893555,3060,280.331359863281,277.132720947266,3060,280.692245483398,277.167037963867,3060,281.243225097656,277.430313110352,3060,281.613571166992,277.800003051758,3060,281.472320556641,277.873870849609,3060,281.098068237305,277.756301879883,3060,280.6455078125,277.496978759766,3060,280.214370727539,277.168609619141,3962,281.399627685547,278.433654785156,243656,284.020721435547,282.221343994141,1006964,286.199447631836,286.234390258789,2255068,287.62890625,288.934616088867,3862832,288.992828369141,290.669174194336,5664908,289.720550537109,291.522338867188,7475984,290.12744140625,291.584030151367,9113184,290.019729614258,290.777099609375,10414020,289.233062744141,289.079147338867,11226580,287.546081542969,286.337844848633,11479858,286.060485839844,283.797485351563,3617.75,285.092422485352,282.197967529297,3617.5,284.56315612793,281.355682373047,3618,284.222610473633,280.93489074707,3618,283.930389404297,280.61653137207,3618,283.618225097656,280.313323974609,3618,283.204956054688,279.977966308594,3618,282.744644165039,279.642471313477,3618,282.295989990234,279.212951660156,3618,281.622436523438,278.61311340332,3618,280.864929199219,277.878875732422,3618,280.122360229492,277.090576171875,3618,279.478149414063,276.39030456543,3618,279.177017211914,276.176452636719,4518,280.008834838867,277.463684082031,234608,283.655838012695,282.469635009766,989298,285.989212036133,287.228851318359,2225166,287.617721557617,290.147827148438,3819846,289.783172607422,292.032455444336,5622784,290.369384765625,292.766845703125,7433220,290.517562866211,292.619064331055,9066614,290.27311706543,291.545959472656,10310570,289.658111572266,289.779724121094,11112266,287.754470825195,286.785995483398,11396982,285.569885253906,283.530075073242,4467.5,284.197326660156,281.326080322266,4467.5,283.447387695313,280.138488769531,4468,282.798110961914,279.542556762695,4468,282.238662719727,278.922073364258,4468,282.512252807617,278.988861083984,4468,281.950729370117,279.090667724609,4468,281.065628051758,279.210922241211,4468,281.460494995117,279.301940917969,4468,281.556915283203,279.397613525391,4468,281.711898803711,279.514419555664,4468,280.302505493164,277.93293762207,4468,279.164657592773,276.414978027344,4468,278.684448242188,275.897384643555,5540,280.19709777832,277.668655395508,190478,283.001129150391,281.492446899414,718724,285.343841552734,284.621978759766,1401716,287.886627197266,288.663604736328,2554024,286.607147216797,289.484252929688,3879716,285.878616333008,287.915237426758,4687058,286.072998046875,287.821197509766,5747350,285.942977905273,287.7333984375,6903166,285.158950805664,286.134704589844,7611402,283.847747802734,283.878570556641,7866036,282.422561645508,281.535858154297,5237.25,281.91650390625,280.176345825195,5237,281.637817382813,279.33171081543,5237,281.264678955078,278.813507080078,5237,280.932876586914,278.459182739258,5236,280.588714599609,278.159881591797,5236,280.579360961914,277.986404418945,5236,280.267700195313,277.759567260742,5236,280.032241821289,277.532363891602,5236,279.782623291016,277.288803100586,5236,279.479064941406,276.999252319336,5236,279.155960083008,276.671234130859,5236,278.808090209961,276.301208496094,5236,278.430130004883,275.899932861328,6564,279.174346923828,276.833572387695,262416,280.986068725586,279.892684936523,1056328,282.961578369141,283.631561279297,2344586,284.700927734375,286.757949829102,3996866,286.601013183594,289.234237670898,5834394,287.558670043945,290.805358886719,7683282,288.172943115234,291.281143188477,9355712,288.376754760742,290.614639282227,10681772,288.066848754883,288.795639038086,11527182,286.326461791992,285.678665161133,11834968,283.92692565918,282.168823242188,6462.75,282.400161743164,279.887802124023,6462.5,281.410903930664,278.394821166992,6463,280.677093505859,277.515686035156,6463,279.910034179688,276.87451171875,6464,279.080993652344,276.279495239258,6464,278.688217163086,275.654541015625,6464,278.040130615234,275.161605834961,6464,277.346939086914,274.671737670898,6464,276.870468139648,274.180465698242,6464,277.327819824219,273.755081176758,6464,277.537551879883,273.441818237305,6464,276.871490478516,273.166061401367,6464,276.359725952148,272.911804199219,7958,277.761642456055,275.058059692383,257930,282.899795532227,281.432418823242,1033652,286.646881103516,287.740341186523,2297528,289.604125976563,291.997741699219,3922180,292.26676940918,295.032531738281,5707270,293.963623046875,296.473724365234,7474870,295.0498046875,296.716278076172,9064022,295.45783996582,296.026901245117,10362920,294.854751586914,294.177673339844,11199134,292.588668823242,290.73991394043,11511086,289.234741210938,286.615707397461,7437.75,290.447952270508,283.306701660156,7438,289.854400634766,281.040435791016,7438,283.857559204102,279.490112304688,7438,283.748046875,278.536590576172,7438,283.574249267578,278.382461547852,7438,283.752365112305,278.550308227539,7438,283.551742553711,278.622802734375,7438,283.305236816406,278.543060302734,7438,282.644287109375,278.137908935547,7438,282.181030273438,277.299743652344,7438,281.935470581055,276.92594909668,7438,282.128311157227,277.017700195313,7438,282.558349609375,277.287796020508,9188,284.494323730469,279.467071533203,267292,287.031021118164,283.973388671875,1055792,288.595245361328,288.51286315918,2333068,289.611404418945,291.62483215332,3972918,291.673141479492,294.250717163086,5805848,291.99235534668,295.497894287109,7645614,291.743865966797,295.412399291992,9294248,290.952285766602,294.114181518555,10602720,289.740127563477,291.721176147461,11428590,288.285232543945,288.595947265625,11742024,286.55290222168,285.346282958984,8363.75,285.290130615234,283.185974121094,8363.5,284.155059814453,281.654434204102,8364,283.156616210938,280.455413818359,8364,282.208724975586,279.459701538086,8364,281.19596862793,278.49235534668,8364,280.345901489258,277.625274658203,8364,279.619064331055,276.88166809082,8364,279.258895874023,276.56217956543,8364,279.178451538086,276.521270751953,8364,279.344375610352,276.835906982422,8364,279.283554077148,276.906890869141,8364,279.153564453125,276.947860717773,8364,279.235885620117,277.102157592773,9434,280.031143188477,278.146133422852,105050,281.603393554688,280.331954956055,422120,282.986450195313,283.60920715332,1180880,284.094924926758,287.26481628418,2460584,283.881805419922,288.106155395508,3491348,284.73567199707,289.882446289063,4874858,285.475601196289,290.998870849609,6401680,286.006851196289,290.742584228516,7765418,286.176132202148,288.834121704102,8677906,285.180419921875,285.494415283203,9025724,282.973266601563,281.603958129883,10661.5,281.526184082031,278.990234375,10661.5,280.563629150391,277.445281982422,10661,279.470230102539,276.358093261719,10661,278.225036621094,275.250091552734,10662,277.115661621094,274.19287109375,10662,276.167831420898,273.230422973633,10662,275.237548828125,272.307723999023,10662,274.132110595703,271.403945922852,10662,273.192245483398,270.43864440918,10662,272.532363891602,269.500152587891,10662,271.318862915039,268.774841308594,10662,270.695907592773,268.323486328125,10662,270.207962036133,268.046096801758,12972,272.365844726563,270.534255981445,289644,276.776672363281,277.134674072266,1116968,279.389984130859,283.600723266602,2447754,281.25537109375,289.451614379883,4150334,282.092651367188,292.946304321289,6051220,283.121826171875,294.7548828125,7966082,283.978439331055,294.745468139648,9704120,284.34423828125,293.150100708008,11092734,284.244995117188,290.284606933594,11993938,283.577941894531,286.006408691406,12343264,281.90510559082,281.319595336914,11720,279.762451171875,278.187316894531,11720,278.18408203125,276.075866699219,11720,277.293792724609,274.682205200195,11720,276.732208251953,273.738082885742,11720,276.263168334961,273.028579711914,11720,275.660018920898,272.404510498047,11720,275.185531616211,271.988739013672,11720,274.657440185547,271.596710205078,11720,273.813430786133,271.410583496094,11720,273.122833251953,271.280166625977,11720,272.764617919922,271.118453979492,11720,272.560531616211,270.934280395508,11720,272.446258544922,270.801986694336,14200,273.850509643555,272.598114013672,257924,275.857116699219,276.03874206543,929228,277.648971557617,279.538314819336,1874168,278.524719238281,281.472366333008,2813406,279.91764831543,283.960494995117,4013228,280.602142333984,285.988021850586,5314230,281.186721801758,286.848251342773,6542216,281.068466186523,285.679428100586,7301312,280.288116455078,283.279479980469,7617770,279.194351196289,280.861236572266,7704254,278.239028930664,278.665435791016,6290.25,277.710815429688,277.593017578125,6290.5,277.090148925781,276.630950927734,6290,276.128814697266,275.234466552734,6290,274.856567382813,273.462417602539,6290,273.701126098633,271.938461303711,6290,272.282653808594,270.622085571289,6290,271.801635742188,269.961120605469,6290,271.462860107422,269.440490722656,6290,271.245346069336,269.119598388672,6290,271.062805175781,268.850433349609,6290,270.98942565918,268.694320678711,6290,270.926010131836,268.650985717773,6290,270.804489135742,268.538146972656,9280,272.348861694336,270.639419555664,292330,275.485229492188,275.914199829102,1127006,278.449172973633,280.789733886719,2467566,281.013076782227,285.926361083984,4183614,282.170181274414,289.291793823242,6099030,283.290756225586,291.133453369141,8032050,284.095474243164,291.628524780273,9792920,284.505447387695,290.649932861328,11206214,284.489639282227,288.320953369141,12131182,283.330261230469,284.638442993164,12499212,281.040924072266,280.370010375977,14898.25,279.281677246094,277.494918823242,14898,277.846725463867,275.463348388672,14898,276.615814208984,273.955169677734,14898,275.47184753418,272.789199829102,14898,274.378051757813,271.843231201172,14898,273.8466796875,271.027267456055,14898,273.464828491211,270.453720092773,14898,273.398727416992,270.203353881836,14898,273.233261108398,270.076156616211,14898,272.959106445313,269.89811706543,14898,272.605239868164,269.656509399414,14898,272.131759643555,269.421371459961,14898,271.587890625,269.15673828125,18226,273.890121459961,271.592330932617,303408,278.65087890625,278.125122070313,1138166,282.151382446289,284.461074829102,2476176,284.934112548828,289.676727294922,4186366,287.141189575195,293.446136474609,6106666,288.288208007813,295.666625976563,8042312,288.901428222656,296.07243347168,9803598,289.109146118164,294.952819824219,11216856,288.876235961914,292.44401550293,12143680,287.459548950195,288.458251953125,12516814,285.260559082031,283.85905456543,16508.25,282.991241455078,280.530288696289,16508,280.881973266602,277.88134765625,16508,279.485931396484,275.825546264648,16508,278.189559936523,274.313247680664,16508,277.012908935547,273.210464477539,16508,277.903594970703,272.419952392578,16508,276.28337097168,271.715484619141,16508,275.613250732422,271.125213623047,16508,275.340972900391,270.611785888672,16508,275.231002807617,270.193099975586,16508,275.649429321289,269.894012451172,16508,275.857971191406,269.6533203125,16508,274.396484375,269.482162475586,20430,275.009475708008,272.200012207031,313418,280.02734375,278.775909423828,1159474,283.875564575195,285.518737792969,2510356,287.047744750977,291.10676574707,4235092,289.766464233398,295.132293701172,6166312,291.371627807617,297.428833007813,8113512,292.489303588867,298.083068847656,9887426,292.999084472656,297.242721557617,11313906,292.859512329102,295.032623291016,12253976,291.023178100586,291.263626098633,12638212,288.183654785156,286.654861450195,18420.75,286.111633300781,283.301284790039,18420.5,284.405578613281,280.814788818359,18421,283.178802490234,279.031539916992,18421,282.047775268555,277.794677734375,18422,280.737899780273,276.731597900391,18422,279.42985534668,275.696578979492,18422,278.227325439453,274.527069091797,18422,277.275619506836,273.556060791016,18422,276.461364746094,272.78190612793,18422,275.714477539063,272.142761230469,18422,275.063873291016,271.568984985352,18422,274.565872192383,271.052627563477,18422,274.339920043945,270.608535766602,22896,276.27815246582,273.132873535156,324876,282.084014892578,279.826751708984,1188858,286.633056640625,287.533706665039,2566408,290.014343261719,293.091262817383,4324510,292.297027587891,296.87956237793,6289774,294.022827148438,299.345947265625,8271686,295.137542724609,300.265213012695,10078450,295.593902587891,299.655685424805,11533874,295.425674438477,297.584243774414,12496816,314.023681640625,325.876220703125,22482242,312.639404296875,320.201904296875,551275.75,309.31689453125,313.790283203125,670317,306.525146484375,308.829833984375,670317,304.97509765625,305.85400390625,670317,303.74951171875,303.820068359375,670317,302.7509765625,302.365234375,670316,301.707763671875,301.12109375,670316,301.139892578125,300.137451171875,670316,300.536865234375,299.326171875,670316,299.7607421875,298.505859375,670316,299.17041015625,297.930908203125,670316,298.6435546875,297.42529296875,671166,298.74609375,298.119384765625,868554,299.60595703125,301.0556640625,1562332,301.1796875,305.30322265625,2826714,303.166015625,310.14111328125,4634774,305.15185546875,314.654052734375,6846308,306.943359375,318.7724609375,9396620,306.319091796875,321.079345703125,12077496,307.04345703125,322.3828125,14654116,307.631103515625,322.40185546875,16887744,308.103515625,321.547607421875,18805534,308.188232421875,319.667724609375,20306672,307.5322265625,316.383056640625,21344692,306.56103515625,312.263427734375,498950,305.1572265625,308.2255859375,613201.5,304.227294921875,305.21826171875,613202,303.246337890625,303.353271484375,613202,302.374755859375,302.071044921875,613202,301.657958984375,300.99169921875,613202,300.62890625,299.94970703125,613202,300.1875,299.166259765625,613202,299.805419921875,298.544921875,613202,299.14013671875,297.844482421875,613202,298.35498046875,297.161865234375,613202,297.534912109375,296.432373046875,613922,297.779296875,297.071044921875,805350,299.17529296875,300.374267578125,1492554,301.30810546875,305.052734375,2739516,303.74951171875,310.41015625,4514224,306.077392578125,315.869384765625,6727858,307.994873046875,320.940673828125,9252546,307.43701171875,324.226318359375,11947694,308.546875,326.47265625,14631746,309.37646484375,327.145263671875,17084216,309.894287109375,326.4833984375,19247598,309.953369140625,324.1123046875,20933222,309.781494140625,320.64501953125,22108956,308.436767578125,315.05224609375,496925.75,306.81982421875,310.1396484375,621421,305.08935546875,306.390380859375,621421,303.736328125,303.909912109375,621421,302.70263671875,302.31494140625,621421,301.6142578125,300.920654296875,621422,300.341796875,299.534912109375,621422,299.66455078125,298.541259765625,621422,299.09521484375,297.739990234375,621422,298.6171875,297.123046875,621422,298.081787109375,296.546142578125,621422,297.53466796875,296.010009765625,622058,298.000732421875,296.748291015625,807060,299.832763671875,300.269775390625,1465476,302.324951171875,305.3974609375,2670860,305.048095703125,311.2509765625,4393210,307.641845703125,317.1826171875,6543996,309.656982421875,322.3896484375,8968244,310.938232421875,326.5498046875,11494732,311.9072265625,328.7060546875,14110926,312.404296875,329.689697265625,16523136,312.350341796875,327.70556640625,18288538,311.4716796875,322.880859375,19230674,309.970947265625,316.532470703125,19601796,308.01953125,312.314453125,299126,305.332763671875,307.7529296875,366571,303.94189453125,304.43359375,366571,303.365478515625,302.474365234375,366571,302.740966796875,301.1201171875,366571,301.961181640625,300.10009765625,366572,300.452392578125,299.024169921875,366572,299.8583984375,298.070556640625,366572,299.33154296875,297.31982421875,366572,298.85986328125,296.669189453125,366572,298.256591796875,296.0341796875,366572,297.658203125,295.426513671875,367074,298.234130859375,296.2822265625,556782,300.135009765625,300.0419921875,1247368,302.4541015625,305.212890625,2507122,304.965087890625,310.854248046875,4303250,307.349853515625,316.44921875,6546436,309.24560546875,321.567138671875,9105888,309.798583984375,325.619384765625,11810000,310.754638671875,327.646240234375,14391940,311.31396484375,328.10205078125,16718932,311.2294921875,327.098388671875,18709334,309.71484375,322.85009765625,20068606,308.226806640625,318.01611328125,21102834,307.264892578125,313.2138671875,416519.75,305.965087890625,309.108642578125,513115,304.017822265625,305.56494140625,513115,302.5732421875,303.16943359375,513115,301.559814453125,301.447509765625,513115,300.934326171875,300.295654296875,513114,300.181640625,299.569580078125,513114,299.441650390625,298.60693359375,513114,298.754150390625,297.63134765625,513114,298.243408203125,296.755126953125,513114,297.696044921875,296.06884765625,513114,297.014892578125,295.439208984375,513534,297.46484375,296.24169921875,699034,299.1142578125,300.03466796875,1381734,301.255615234375,305.20458984375,2630868,303.640869140625,311.032958984375,4412944,305.841064453125,316.8447265625,6638612,307.650390625,321.98876953125,9179196,305.618896484375,324.648193359375,11890830,306.40869140625,327.52783203125,14389562,307.017578125,328.098876953125,16656088,307.16064453125,326.283447265625,18579836,306.93896484375,323.376220703125,20136994,306.718017578125,319.720703125,21217858,305.908935546875,314.688720703125,582886.25,303.778564453125,309.060791015625,710154.5,301.8955078125,304.532958984375,710154,299.98974609375,301.536376953125,710154,298.818359375,299.48291015625,710154,298.039794921875,298.069580078125,710154,296.678955078125,296.786865234375,710154,296.19091796875,295.9375,710154,295.694580078125,295.32568359375,710154,295.20751953125,294.8603515625,710154,294.837158203125,294.5126953125,710154,294.69921875,294.302978515625,710408,295.27197265625,295.0947265625,858894,296.86279296875,298.53466796875,1415324,298.56494140625,303.29150390625,2469802,300.072265625,308.512939453125,4020218,301.7177734375,314.5166015625,6133116,302.7783203125,318.41357421875,8329992,303.06982421875,319.47705078125,10376808,303.9560546875,320.41064453125,12504508,304.517578125,320.93408203125,14645002,304.420654296875,319.288330078125,16327980,304.172119140625,317.28564453125,17737894,303.2197265625,314.21826171875,18745062,302.282958984375,309.85400390625,525747.25,301.19384765625,305.447021484375,634569.5,300.291015625,302.269287109375,634570,299.40673828125,300.14697265625,634570,298.49072265625,298.5146484375,634570,297.774169921875,297.365966796875,634570,297.217529296875,296.3291015625,634570,296.515380859375,295.336669921875,634570,295.91650390625,294.611328125,634570,295.631591796875,294.19482421875,634570,295.236572265625,293.7236328125,634570,294.91064453125,293.35205078125,634782,295.72412109375,294.430908203125,811384,297.991455078125,298.8271484375,1482018,300.143310546875,304.7939453125,2714700,302.136474609375,311.11474609375,4473578,303.66162109375,316.991943359375,6665692,304.631103515625,320.30810546875,8820444,305.949462890625,323.9287109375,11276340,306.631591796875,324.872314453125,13662292,307.14892578125,324.975830078125,15950754,307.091552734375,323.426513671875,17912206,306.8056640625,320.580810546875,19376478,305.938720703125,316.981689453125,20423550,304.789794921875,311.752197265625,410137.75,303.92138671875,307.507080078125,524485,302.869384765625,304.3125,524485,301.66357421875,301.999267578125,524485,300.504150390625,300.4111328125,524485,299.43603515625,299.13525390625,524484,299.203125,298.241943359375,524484,298.4736328125,297.4453125,524484,297.57666015625,296.530029296875,524484,296.877197265625,295.753662109375,524484,296.146240234375,294.953369140625,524484,295.654541015625,294.4052734375,524692,296.24951171875,295.242431640625,698896,298.311767578125,299.66259765625,1363166,300.514404296875,305.4365234375,2549774,302.68408203125,311.83251953125,4305162,304.2451171875,317.41748046875,6417354,305.43798828125,321.797119140625,8743088,306.510498046875,323.653076171875,11017922,306.777099609375,323.697021484375,13042716,307.083740234375,323.507080078125,15092628,307.191162109375,322.149658203125,16827592,307.131591796875,320.283935546875,18279310,304.9375,316.520263671875,19259056,304.8505859375,311.423095703125,499689.5,303.93603515625,306.975830078125,614683,302.651123046875,303.421142578125,614683,301.50341796875,301.03076171875,614683,300.435302734375,299.37255859375,614683,299.5361328125,298.1845703125,614684,299.045654296875,297.241455078125,614684,298.291748046875,296.497314453125,614684,297.535888671875,295.74560546875,614684,296.783935546875,294.982177734375,614684,296.063720703125,294.19140625,614684,295.45703125,293.4833984375,614812,296.10400390625,294.3623046875,782570,298.475830078125,298.607666015625,1445270,300.915283203125,304.441650390625,2670068,303.082275390625,310.40576171875,4419322,304.808837890625,315.8046875,6588456,306.357177734375,320.919921875,9134378,307.58447265625,324.59765625,11759858,308.3447265625,326.266357421875,14276376,308.771728515625,326.232421875,16638582,308.690673828125,324.507080078125,18644952,308.112548828125,321.874755859375,20294660,306.553466796875,316.401611328125,21181160,305.296142578125,311.2431640625,495475.75,303.720947265625,306.658203125,615060.5,302.505859375,303.345947265625,615061,301.610595703125,301.294921875,615061,300.732666015625,299.7998046875,615061,299.964111328125,298.70458984375,615062,299.58154296875,298.00341796875,615062,298.746826171875,297.216796875,615062,298.088623046875,296.48486328125,615062,297.422119140625,295.771728515625,615062,296.7158203125,295.054443359375,615062,296.061767578125,294.33056640625,615104,296.60888671875,295.0166015625,786566,298.740966796875,298.95068359375,1451878,301.092529296875,304.425048828125,2684428,303.20849609375,309.513671875,4359334,305.196044921875,314.83251953125,6563142,306.8046875,319.443359375,9113848,307.950927734375,322.759033203125,11772330,308.4833984375,323.800048828125,14110508,308.711181640625,323.197265625,16195338,308.781005859375,322.189697265625,18120092,308.50390625,320.279052734375,19791154,307.692626953125,316.78759765625,20908318,306.43994140625,312.582763671875,612189,304.546630859375,307.776123046875,748115,302.9375,304.176513671875,748115,301.842529296875,301.9638671875,748115,300.9560546875,300.4267578125,748115,300.236328125,299.364501953125,748114,299.67822265625,298.389892578125,748114,298.984375,297.600830078125,748114,298.19140625,296.753173828125,748114,297.52197265625,296.015380859375,748114,296.883056640625,295.308349609375,748114,296.345703125,294.730224609375,748158,296.793212890625,295.45556640625,917578,298.159912109375,298.8603515625,1564262,299.99755859375,303.538818359375,2794432,302.140869140625,308.632080078125,4558342,304.249267578125,313.6533203125,6774734,306.083251953125,318.20751953125,9318736,307.245361328125,321.7294921875,12028724,308.079345703125,323.146484375,14574332,308.475341796875,323.354248046875,16899390,308.62890625,322.729736328125,18969584,308.499755859375,320.7470703125,20631036,307.709228515625,317.111083984375,21692884,306.402099609375,312.587158203125,550434.75,304.462890625,307.791748046875,661162,302.368408203125,303.972412109375,661162,301.098388671875,301.59716796875,661162,300.443359375,300.240478515625,661162,299.813232421875,299.1865234375,661162,299.1083984375,298.141357421875,661162,298.305908203125,297.28076171875,661162,297.54345703125,296.55810546875,661162,296.89306640625,295.912353515625,661162,296.28466796875,295.3125,661162,295.7529296875,294.752197265625,661162,296.14306640625,295.363525390625,826254,297.58154296875,298.5673828125,1478080,299.697021484375,303.164306640625,2701968,301.912353515625,308.045166015625,4375040,304.258056640625,313.488037109375,6589880,306.165771484375,318.150390625,9113488,307.44384765625,321.372802734375,11691468,308.34423828125,323.7158203125,14256968,308.7880859375,324.03759765625,16640572,308.78955078125,322.776611328125,18705498,308.12255859375,320.013671875,20258240,306.854248046875,315.345947265625,21003910,305.247802734375,310.925048828125,439367.75,303.637939453125,306.538818359375,546901.5,302.540283203125,303.506103515625,546902,301.450439453125,301.525390625,546902,300.082275390625,299.949951171875,546902,298.96484375,298.7802734375,546902,297.7119140625,297.462890625,546902,297.1376953125,296.55908203125,546902,296.63330078125,295.94091796875,546902,296.220458984375,295.467041015625,546902,295.743896484375,294.984619140625,546902,295.420166015625,294.643310546875,546902,295.7646484375,295.2431640625,698278,297.136474609375,298.43994140625,1320106,298.9794921875,302.73046875,2459700,300.968994140625,307.70556640625,4118258,302.634521484375,312.225830078125,6089960,303.812255859375,315.89013671875,8282988,304.568603515625,317.6904296875,10458044,305.391845703125,318.83935546875,12620892,306.000732421875,319.30517578125,14701972,305.707763671875,318.32568359375,16507082,305.23193359375,316.023193359375,18030596,304.17822265625,312.015380859375,18859324,302.5927734375,308.008056640625,455092.75,300.998046875,304.169921875,551869,299.901611328125,301.341796875,551869,299.302490234375,299.72607421875,551869,298.5625,298.614501953125,551869,297.306884765625,297.61962890625,551868,296.718994140625,296.32568359375,551868,296.1044921875,295.89599609375,551868,295.538818359375,295.3701171875,551868,295.155029296875,294.770751953125,551868,294.726318359375,294.34375,551868,294.39599609375,293.9912109375,551868,294.381591796875,294.2548828125,633408,295.09765625,295.662841796875,980828,296.39013671875,298.2998046875,1660256,297.656982421875,301.261474609375,2647138,299.180419921875,304.241943359375,3968296,301.011474609375,308.095458984375,5844580,300.184814453125,308.089599609375,7290556,301.061767578125,308.267333984375,8793058,301.641845703125,308.44775390625,10230076,302.087646484375,308.56689453125,11586914,301.965087890625,307.4853515625,12605176,301.8037109375,305.832275390625,13308122,301.580810546875,303.909423828125,421396.75,300.679443359375,301.347412109375,536809.5,299.866943359375,299.36279296875,536810,299.02978515625,297.90576171875,536810,298.19677734375,296.79150390625,536810,297.306640625,295.953857421875,536810,297.02294921875,295.23681640625,536810,296.4599609375,294.70263671875,536810,296.06494140625,294.2841796875,536810,295.768310546875,293.94677734375,536810,295.515869140625,293.578369140625,536810,295.242919921875,293.182373046875,536810,295.943115234375,294.00244140625,665830,298.48193359375,297.8525390625,1212084,300.214111328125,302.777587890625,2225362,301.783447265625,307.5439453125,3692342,303.36572265625,312.358154296875,5619176,304.630126953125,316.037841796875,7750612,305.7265625,317.97412109375,9776790,306.29296875,319.10498046875,11816310,306.568115234375,318.9541015625,13668906,306.80615234375,318.427001953125,15311412,306.90283203125,317.7353515625,16802380,306.400390625,314.94287109375,17773672,305.40380859375,310.533203125,393348,304.065185546875,306.50048828125,467108.5,302.80712890625,303.598388671875,467108,301.711181640625,301.677734375,467108,300.769775390625,300.2880859375,467108,300.07373046875,299.300537109375,467108,298.634033203125,298.053955078125,467108,297.88671875,296.877685546875,467108,297.3134765625,296.02587890625,467108,296.900146484375,295.330078125,467108,296.111083984375,294.5888671875,467108,295.38037109375,293.92822265625,467108,295.683349609375,294.59716796875,611346,298.721435546875,299.224609375,1190128,301.071044921875,305.33984375,2231260,303.14111328125,312.601806640625,3867050,304.528076171875,318.583740234375,5832654,305.93017578125,325.013671875,8247956,306.6083984375,329.28662109375,10860766,307.380615234375,329.074462890625,13105126,307.739990234375,327.419921875,15087566,308.183837890625,325.55029296875,16915224,307.95361328125,321.825927734375,18152726,307.476806640625,317.344482421875,18947250,306.79736328125,313.04296875,456283.25,305.308349609375,308.496337890625,541578,303.88330078125,305.302734375,541578,302.617431640625,303.189453125,541578,301.530029296875,301.597412109375,541578,300.575927734375,300.292724609375,541578,298.464111328125,298.722412109375,541578,297.876953125,297.590576171875,541578,297.2255859375,296.635986328125,541578,296.637939453125,295.830810546875,541578,296.1708984375,295.188720703125,541578,295.827880859375,294.731201171875,541578,296.47216796875,295.524658203125,684836,298.62451171875,299.8173828125,1296446,300.774658203125,305.921875,2467150,302.787841796875,312.453369140625,4181318,304.438232421875,318.643310546875,6342268,305.917236328125,324.0625,8835158,306.625244140625,326.27880859375,11108264,307.070556640625,326.408447265625,13170162,307.47265625,325.578125,15050530,307.982177734375,325.133544921875,16915090,307.76220703125,321.85693359375,18237506,307.414306640625,317.92724609375,19126048,305.9501953125,313.427734375,498187.5,304.792724609375,308.604248046875,594873,303.85791015625,305.3984375,594873,302.57080078125,303.12451171875,594873,301.2919921875,301.5126953125,594873,300.12548828125,300.1728515625,594873,299.947998046875,299.296630859375,594872,299.2900390625,298.55224609375,594872,298.507568359375,297.723388671875,594872,297.789794921875,296.941650390625,594872,297.15380859375,296.294189453125,594872,296.593994140625,295.7001953125,594872,296.890869140625,296.185302734375,734612,298.3369140625,299.630615234375,1355912,300.363037109375,304.45166015625,2502130,302.63671875,310.107666015625,4220690,304.478271484375,315.599609375,6397508,305.5126953125,318.964599609375,8582760,306.64892578125,322.076171875,10985054,307.5712890625,324.488037109375,13446200,307.772216796875,323.193359375,15309188,308.07080078125,322.659912109375,17225338,307.8125,320.424072265625,18754472,306.203857421875,316.676513671875,19804216,305.491455078125,311.374267578125,388448,304.341552734375,307.266845703125,488368,302.635009765625,303.9521484375,488368,301.213623046875,301.78466796875,488368,300.323486328125,300.297607421875,488368,299.4521484375,299.0712890625,488368,298.413818359375,298.010498046875,488368,297.92138671875,297.227294921875,488368,297.49609375,296.559326171875,488368,297.104248046875,296.031494140625,488368,296.73974609375,295.578369140625,488368,296.37841796875,295.16650390625,488368,296.789306640625,295.7841796875,628560,298.212646484375,299.14697265625,1244684,300.15771484375,303.828369140625,2424526,302.3115234375,309.074951171875,4129454,304.2275390625,314.191162109375,6302824,305.58056640625,317.903076171875,8664028,306.623046875,320.554931640625,11115392,307.364013671875,322.217529296875,13541268,307.794921875,322.586181640625,15818902,308.066650390625,322.195068359375,17893702,307.80859375,320.07861328125,19548274,306.564208984375,316.369384765625,20654094,305.32080078125,311.1298828125,381026,304.23876953125,307.049072265625,462862.5,303.111083984375,304.05810546875,462862,302.108154296875,302.072021484375,462862,301.194580078125,300.623779296875,462862,300.309326171875,299.426025390625,462862,299.144775390625,298.26953125,462862,298.389892578125,297.232177734375,462862,297.784423828125,296.428466796875,462862,297.32177734375,295.788818359375,462862,296.98291015625,295.274169921875,462862,296.69775390625,295.003662109375,462862,297.003662109375,295.66943359375,601450,298.512939453125,299.03857421875,1216506,300.6083984375,303.8896484375,2399002,303.039794921875,309.3701171875,4125354,305.068603515625,314.5380859375,6288120,306.37646484375,318.364990234375,8628964,307.275390625,321.081787109375,11069490,307.73193359375,321.847900390625,13188138,308.170654296875,321.917236328125,15138122,308.221435546875,320.76025390625,16793876,308.231689453125,319.450439453125,18299978,307.67578125,316.30029296875,19224588,306.88671875,312.29443359375,480028.75,305.615966796875,308.178466796875,582834.5,304.26171875,305.02099609375,582835,303.097900390625,302.91455078125,582835,302.069091796875,301.362060546875,582835,301.322021484375,300.273681640625,582834,300.30419921875,299.038818359375,582834,299.638671875,298.105712890625,582834,299.04296875,297.300537109375,582834,298.776611328125,296.83203125,582834,298.237548828125,296.35888671875,582834,297.7099609375,295.947265625,582834,298.11376953125,296.68359375,713686,299.747802734375,300.129638671875,1317796,301.947509765625,305.078125,2471112,304.12841796875,310.795654296875,4144162,305.876953125,316.63134765625,6271806,307.369873046875,321.88525390625,8656754,308.505859375,324.898681640625,10986564,309.13623046875,325.570556640625,13141516,309.35205078125,324.716064453125,14991198,309.494140625,323.69287109375,16717526,309.459228515625,321.70849609375,18167810,307.657958984375,316.907470703125,18885792,306.983642578125,312.9853515625,492176.5,305.546630859375,308.61767578125,574117.5,304.110107421875,305.542236328125,574117,303.22314453125,303.585205078125,574117,302.57421875,302.15966796875,574117,302.0478515625,301.12109375,574118,300.8154296875,300.125732421875,574118,300.380126953125,299.23681640625,574118,299.91455078125,298.56103515625,574118,299.394775390625,297.960205078125,574118,298.880859375,297.430908203125,574118,298.336181640625,296.877197265625,574118,298.653076171875,297.364990234375,704308,300.511474609375,301.01416015625,1292454,302.6689453125,306.59375,2457712,304.52880859375,312.680908203125,4151826,306.100341796875,319.04833984375,6307818,307.258544921875,323.911376953125,8611646,307.423583984375,327.22265625,11025752,308.400390625,328.865966796875,13420548,309.104736328125,328.9609375,15716392,309.4599609375,327.911376953125,17789838,309.20166015625,325.079345703125,19381166,307.9921875,320.29736328125,20346620,303.142822265625,312.320556640625,418110.75,302.358154296875,306.333251953125,488294,302.11376953125,303.166015625,488294,301.728515625,301.247314453125,488294,300.977783203125,299.876220703125,488294,300.195068359375,298.846923828125,488294,298.177734375,297.8232421875,488294,297.6806640625,296.949462890625,488294,297.12451171875,296.14208984375,488294,296.67626953125,295.552490234375,488294,296.17626953125,294.96435546875,488294,295.749267578125,294.483154296875,488294,296.289794921875,295.193359375,610784,299.4169921875,299.4189453125,1143514,301.2783203125,304.43798828125,2191238,302.8330078125,310.377197265625,3846106,304.269287109375,315.908447265625,5971554,305.454345703125,319.876708984375,8277004,305.666259765625,323.259033203125,10815738,306.36865234375,323.3134765625,12877844,307.45654296875,324.71533203125,15140036,307.929443359375,323.91455078125,17045914,305.49560546875,318.64013671875,18002030,305.54296875,314.803955078125,18919200,303.095947265625,310.439453125,312814,302.314453125,305.93115234375,396146.5,301.66455078125,302.956787109375,396146.5,300.9091796875,301.16748046875,396147,300.482666015625,299.78076171875,396147,300.49755859375,299.219970703125,396148,299.572021484375,298.30810546875,396148,298.987060546875,297.48828125,396148,298.596435546875,297.08740234375,396148,298.27490234375,296.63525390625,396148,297.4833984375,295.7373046875,396148,296.861572265625,295.096923828125,396148,297.19873046875,295.566650390625,520412,299.126708984375,299.184814453125,1110624,301.163330078125,304.323486328125,2265876,303.201416015625,309.90234375,3954288,304.972412109375,315.32666015625,6063138,306.616455078125,320.526123046875,8530106,307.465087890625,324.337158203125,11142448,308.597900390625,326.451171875,13713854,309.262451171875,326.28759765625,15872124,309.65234375,325.475341796875,17806214,308.13330078125,321.1708984375,18954090,307.36572265625,316.4443359375,19733704,306.479248046875,312.42333984375,462810,305.198974609375,308.126220703125,548633.5,303.6865234375,304.94287109375,548633,302.399658203125,302.85205078125,548633,301.4560546875,301.34228515625,548633,300.934326171875,300.482177734375,548634,300.69775390625,299.551513671875,548634,300.207763671875,298.8466796875,548634,299.66943359375,298.13232421875,548634,299.100341796875,297.450439453125,548634,298.427978515625,296.772216796875,548634,297.824462890625,296.18408203125,548634,298.013671875,296.551513671875,670366,299.4970703125,299.76025390625,1245770,301.551513671875,304.79541015625,2389760,303.924072265625,310.3935546875,4065258,306.1611328125,315.9033203125,6193214,307.938720703125,320.94384765625,8679794,308.992919921875,324.3017578125,11200764,309.708984375,326.433349609375,13701102,310.168701171875,327.01025390625,16090692,310.1875,325.529052734375,18100586,309.5537109375,322.768310546875,19698704,308.58544921875,317.972900390625,20561276,307.481689453125,313.512939453125,469608.25,305.9912109375,309.091796875,544002.5,304.713134765625,305.92724609375,544002,303.68896484375,303.895263671875,544002,302.7431640625,302.38330078125,544002,301.90576171875,301.207763671875,544002,301.5966796875,300.408203125,544002,300.68212890625,299.699951171875,544002,299.5185546875,298.744873046875,544002,298.592041015625,297.822509765625,544002,297.867919921875,297.046630859375,544002,297.22802734375,296.333251953125,544002,297.309326171875,296.490478515625,663932,298.709716796875,299.503662109375,1239958,300.908447265625,304.43505859375,2406176,303.37939453125,310.1220703125,4130340,305.644775390625,315.682861328125,6294032,307.57177734375,320.76220703125,8797104,308.990234375,324.721923828125,11441150,309.591796875,325.237548828125,13701584,310.201416015625,325.78662109375,15954234,310.135009765625,323.75537109375,17721166,309.88427734375,321.6875,19283710,309.28125,317.603515625,20150026,308.3955078125,313.6376953125,476490.5,306.7119140625,309.139892578125,566837.5,305.0810546875,305.91552734375,566838,303.727783203125,303.707275390625,566838,302.787841796875,302.25634765625,566838,302.002685546875,301.135498046875,566838,301.343017578125,300.19873046875,566836,299.9716796875,299.0869140625,566836,298.65771484375,297.96435546875,566836,297.677001953125,296.952880859375,566836,296.933349609375,296.09619140625,566836,296.324462890625,295.377197265625,566836,296.460205078125,295.579833984375,688064,298.064453125,298.76416015625,1287850,300.438232421875,303.76025390625,2473318,303.10009765625,309.671142578125,4214260,305.5517578125,315.415771484375,6390098,307.578369140625,320.642333984375,8923230,308.7255859375,323.171875,11247100,309.388916015625,324.59033203125,13355090,310.146728515625,326.198486328125,15639694,310.388671875,325.87060546875,17750900,309.49169921875,323.217041015625,19427292,308.663818359375,318.780029296875,20489404,307.66015625,313.66845703125,473197,306.041259765625,308.793701171875,572800,304.615966796875,305.416259765625,572800,303.375244140625,303.090087890625,572800,302.374755859375,301.46875,572800,301.485595703125,300.28466796875,572800,300.803955078125,299.31396484375,572800,300.01953125,298.375732421875,572800,299.289794921875,297.47119140625,572800,298.593017578125,296.630126953125,572800,297.9013671875,295.8857421875,572800,297.28662109375,295.305419921875,572800,297.385009765625,295.575439453125,692058,299.230224609375,299.083251953125,1293934,301.43212890625,304.403076171875,2472416,303.851806640625,310.413330078125,4212226,305.856201171875,316.465087890625,6414176,307.4716796875,322.117431640625,8946178,308.34814453125,325.551025390625,11398012,309.29443359375,328.281494140625,13870956,309.846923828125,328.326171875,16066440,310.192626953125,327.579833984375,18125120,310.076416015625,324.33447265625,19606942,308.823486328125,319.9638671875,20659350,308.22021484375,315.022216796875,540447.5,307.01171875,310.12646484375,633079,305.734375,306.58349609375,633079,304.490478515625,304.205322265625,633079,303.3232421875,302.488037109375,633079,302.369873046875,301.192138671875,633079,301.41455078125,300.024658203125,633078,300.62548828125,299.0380859375,633078,299.8271484375,298.1171875,633078,299.1044921875,297.23095703125,633078,298.541748046875,296.49267578125,633078,298.107666015625,295.968994140625,633078,298.38037109375,296.376953125,743406,300.385498046875,300.053955078125,1341186,302.740478515625,305.76220703125,2521716,305.069580078125,311.796630859375,4182750,307.00146484375,317.754150390625,6300156,308.691650390625,322.951171875,8729342,309.363037109375,326.0009765625,11251746,310.37890625,328.412353515625,13890738,310.928466796875,328.612548828125,16330702,311.19580078125,327.34326171875,18448244,310.911376953125,324.193603515625,20009028,309.341552734375,319.791748046875,21043528,308.240478515625,314.80126953125,480442.75,306.784912109375,309.964599609375,549832,305.634765625,306.5859375,549832,304.70166015625,304.3740234375,549832,303.672607421875,302.6796875,549832,302.824951171875,301.508544921875,549832,302.185546875,300.3740234375,549832,301.280029296875,299.388916015625,549832,300.223876953125,298.337158203125,549832,299.23779296875,297.332763671875,549832,298.4912109375,296.534912109375,549832,297.93505859375,295.879150390625,549832,298.308349609375,296.34619140625,655724,301.360595703125,300.335693359375,1218010,304.207275390625,307.4443359375,2388312,306.517578125,314.449462890625,4110342,308.187744140625,320.012451171875,6173458,309.578857421875,324.984130859375,8658056,309.962158203125,326.57275390625,11014636,310.6982421875,327.606689453125,13354924,311.042724609375,326.8876953125,15450300,311.210205078125,325.4033203125,17264624,311.214111328125,323.341064453125,18789210,310.65625,319.60693359375,19801578,309.9365234375,315.3564453125,536040.5,308.376220703125,310.80224609375,619095,306.252685546875,307.37646484375,619094.5,304.2802734375,304.964111328125,619095,302.90283203125,303.11181640625,619095,301.72216796875,301.5537109375,619096,301.932373046875,300.95703125,619096,301.13916015625,300.1474609375,619096,300.350830078125,299.347412109375,619096,299.902099609375,298.930908203125,619096,299.2978515625,298.31005859375,619096,298.76025390625,297.6728515625,619096,298.933837890625,297.896484375,724226,300.5322265625,301.292724609375,1299466,302.45068359375,306.330078125,2448782,304.5615234375,311.88037109375,4146448,306.492919921875,317.143798828125,6215332,308.202880859375,322.50732421875,8714718,306.80712890625,325.19189453125,11253756,307.92724609375,326.27001953125,13807710,305.3486328125,323.890869140625,15877276,304.61279296875,317.95068359375,17373556,305.033203125,313.545166015625,18276706
-102.8,31.7,291.334808349609,291.26676940918,9582530,289.635147094727,288.708648681641,0,288.010040283203,286.942611694336,0,286.713638305664,285.379135131836,0,285.737197875977,283.924652099609,0,285.263961791992,283.273941040039,0,284.722702026367,282.737182617188,0,283.504241943359,281.937637329102,0,282.906951904297,281.163970947266,0,282.468307495117,280.642593383789,0,282.036224365234,280.127136230469,0,281.694107055664,279.667556762695,0,281.324813842773,279.232269287109,0,280.858474731445,278.728393554688,0,280.386672973633,278.212585449219,676,281.136154174805,279.356857299805,215720,284.589767456055,283.745407104492,908628,287.830001831055,288.156494140625,2048766,290.338806152344,293.938903808594,3508206,292.039535522461,296.642822265625,5130426,293.376480102539,297.94905090332,6717836,293.839340209961,296.832595825195,7699526,294.009979248047,295.463012695313,8282268,293.730239868164,293.974990844727,8722070,292.046569824219,291.24494934082,8842804,290.186492919922,288.696075439453,0,286.898773193359,285.706436157227,0,285.057678222656,284.240798950195,0,284.716842651367,283.642395019531,0,285.139587402344,283.507720947266,0,283.961822509766,281.928497314453,0,283.574295043945,281.903472900391,0,283.090682983398,281.187026977539,0,282.696487426758,280.471618652344,0,282.057968139648,279.96061706543,0,281.490585327148,279.711807250977,0,281.079223632813,279.553970336914,0,280.861190795898,279.444259643555,0,280.565322875977,279.189819335938,590,281.251113891602,280.028991699219,215964,282.95751953125,283.003387451172,905584,284.60302734375,286.362091064453,2067954,286.166229248047,289.304443359375,3571260,288.081771850586,291.830032348633,5244124,289.263336181641,293.183029174805,6902234,289.985107421875,293.375961303711,8368784,290.176864624023,292.515319824219,9481788,289.59944152832,290.530395507813,10096904,287.629028320313,287.449981689453,10253668,285.866317749023,284.697692871094,0,284.692428588867,282.972610473633,0,283.798263549805,281.8427734375,0,283.038940429688,280.995300292969,0,282.353668212891,280.261810302734,0,281.749725341797,279.606887817383,0,281.439910888672,279.205902099609,0,281.211639404297,278.889831542969,0,281.096282958984,278.702072143555,0,280.971328735352,278.578430175781,0,280.664688110352,278.333404541016,0,280.128463745117,277.864990234375,0,279.534530639648,277.24821472168,0,278.877304077148,276.62776184082,590,279.375350952148,277.676956176758,192634,283.333145141602,282.898452758789,865050,285.869079589844,288.322723388672,1987260,287.839645385742,292.187393188477,3445928,289.644302368164,294.795639038086,5055988,290.644287109375,296.308319091797,6673780,291.199005126953,296.363235473633,8092650,291.281753540039,295.147964477539,9181656,290.893539428711,292.554138183594,9794824,289.771759033203,288.562561035156,9942710,286.430221557617,284.006378173828,0,284.200241088867,281.287200927734,0,281.991836547852,280.144775390625,0,280.052093505859,279.193298339844,0,278.884704589844,278.276840209961,0,278.003967285156,277.483840942383,0,277.124145507813,277.008056640625,0,277.0029296875,277.035049438477,0,276.70198059082,276.830307006836,0,276.176574707031,276.264190673828,0,275.89860534668,276.13655090332,0,275.398635864258,275.572463989258,0,275.272384643555,275.528305053711,0,275.28190612793,275.628616333008,170,275.711822509766,276.312072753906,91562,276.421432495117,277.455078125,315582,278.602828979492,281.200866699219,1231300,281.045501708984,285.682357788086,2671340,282.535614013672,288.723587036133,4312976,284.522109985352,291.219787597656,5946502,286.095291137695,292.008850097656,7397170,287.104110717773,291.654479980469,8501538,287.424423217773,289.767395019531,9143134,285.879196166992,286.18376159668,9308692,284.356704711914,283.226425170898,0,283.42919921875,281.515090942383,0,282.697036743164,280.442916870117,0,282.336364746094,279.769622802734,0,282.739883422852,279.428192138672,0,283.417892456055,279.690322875977,0,283.704360961914,280.176513671875,0,283.856048583984,280.477569580078,0,283.951354980469,280.663955688477,0,283.83918762207,280.674163818359,0,283.642807006836,280.536041259766,0,283.331008911133,280.249969482422,0,282.990615844727,279.956558227539,0,282.467834472656,279.37922668457,460,283.292694091797,280.642196655273,215488,286.443786621094,285.191268920898,899736,288.4912109375,291.780197143555,1931818,288.90901184082,294.861419677734,3316356,285.298492431641,294.459457397461,4735542,284.586486816406,291.561935424805,6063618,282.869705200195,288.634872436523,7097028,281.348983764648,285.836761474609,7872202,279.651901245117,282.900833129883,8296130,277.536529541016,279.793060302734,8421032,275.466018676758,276.824279785156,0,273.638137817383,274.578140258789,0,272.115203857422,272.917251586914,0,271.010116577148,271.6357421875,0,270.479156494141,271.024368286133,0,269.744812011719,270.179290771484,0,266.641754150391,268.283645629883,0,265.815231323242,267.029174804688,0,265.331314086914,266.29719543457,0,265.03141784668,265.839935302734,0,264.892074584961,265.662307739258,0,264.782669067383,265.587783813477,0,264.886978149414,265.815521240234,0,265.010650634766,265.92546081543,422,265.641235351563,267.084625244141,189126,266.957550048828,269.722595214844,727134,268.468826293945,272.523193359375,1613084,269.831344604492,274.759170532227,2709430,267.750213623047,272.902359008789,3373494,268.410873413086,272.812545776367,4111772,269.275680541992,273.529510498047,4914314,270.022857666016,273.909057617188,5654802,270.545318603516,273.473083496094,6266034,270.18586730957,271.273483276367,6439648,269.195739746094,268.957138061523,0,268.313232421875,267.455459594727,0,267.668823242188,266.619674682617,0,267.197387695313,266.156295776367,0,266.772445678711,265.809967041016,0,266.340362548828,265.505676269531,0,265.648956298828,265.11474609375,0,265.593414306641,264.807159423828,0,265.702285766602,264.578536987305,0,265.71955871582,264.43603515625,0,265.321655273438,264.34211730957,0,265.465301513672,264.288131713867,0,265.596740722656,264.260833740234,0,265.586441040039,264.274444580078,506,266.811950683594,267.112808227539,231946,269.040008544922,273.239929199219,979130,270.839996337891,277.459182739258,2198646,272.504135131836,280.564331054688,3760386,273.347183227539,282.408477783203,5495138,274.658477783203,283.271835327148,7219304,275.523574829102,282.381759643555,8749646,275.945953369141,280.766494750977,9924054,275.767959594727,278.192474365234,10620622,274.229675292969,274.552841186523,10812622,272.510437011719,271.476257324219,0,271.863815307617,270.211212158203,0,271.599014282227,269.809188842773,0,271.388275146484,269.716766357422,0,271.176528930664,269.687164306641,0,270.995452880859,269.664978027344,0,271.01643371582,269.720077514648,0,270.862091064453,269.634231567383,0,270.736114501953,269.544692993164,0,270.627731323242,269.490676879883,0,270.461791992188,269.396606445313,0,270.27864074707,269.248992919922,0,270.136825561523,269.141143798828,0,270.073974609375,269.095260620117,460,271.359420776367,270.703018188477,217060,274.147186279297,274.829833984375,924520,277.170196533203,279.453140258789,2085632,279.962677001953,283.451904296875,3580172,282.979461669922,286.965408325195,5243736,285.145385742188,289.233016967773,6899734,286.796508789063,290.387924194336,8369556,287.750946044922,290.211303710938,9496506,287.801361083984,288.506759643555,10163716,285.859375,284.814270019531,10351380,283.457275390625,281.441452026367,0,281.777420043945,279.493606567383,0,280.44352722168,278.228698730469,0,279.354293823242,277.208557128906,0,278.372695922852,276.243057250977,0,277.369644165039,275.241180419922,0,276.690933227539,274.41047668457,0,275.924896240234,273.380722045898,0,275.40461730957,272.682373046875,0,275.336975097656,272.173904418945,0,275.582794189453,271.777893066406,0,275.335479736328,271.464462280273,0,274.479904174805,271.220901489258,0,274.194580078125,271.080673217773,458,276.528793334961,273.45475769043,216442,281.970809936523,280.032119750977,922542,286.85693359375,287.775939941406,2083536,290.231597900391,292.706329345703,3578910,293.190414428711,296.2822265625,5252678,295.371505737305,298.354248046875,6922498,296.945724487305,299.212188720703,8410644,297.770248413086,298.747329711914,9556354,297.183441162109,296.754287719727,10239458,293.742599487305,292.561798095703,10433784,290.524017333984,288.823974609375,45,288.731475830078,286.713363647461,45.5,288.01188659668,285.532592773438,45,287.809097290039,284.911468505859,45,287.696502685547,284.802124023438,46,287.477432250977,284.766525268555,46,287.441131591797,284.484573364258,46,286.578659057617,283.305160522461,46,286.160888671875,282.154235839844,46,286.129287719727,281.434036254883,46,285.885711669922,281.049575805664,46,285.776168823242,281.317108154297,46,285.733840942383,281.581771850586,46,285.67643737793,281.684692382813,504,287.204666137695,283.39860534668,203716,290.705139160156,287.76220703125,911772,294.070205688477,293.047058105469,2084202,296.052368164063,296.985778808594,3594574,297.69694519043,299.344268798828,5243132,298.526977539063,300.944244384766,6891650,298.899261474609,300.987152099609,8312664,298.817321777344,299.914047241211,9391730,298.064010620117,297.811477661133,10043700,295.609603881836,294.317596435547,10243142,293.216995239258,290.760726928711,129,291.740524291992,288.384918212891,129,290.232620239258,286.547424316406,129,288.391250610352,284.800674438477,129,285.974411010742,282.880416870117,130,284.110595703125,280.533355712891,130,282.641525268555,278.67839050293,130,281.483932495117,277.432357788086,130,282.999618530273,276.705001831055,130,284.289886474609,276.219223022461,130,283.614807128906,275.808959960938,130,280.704772949219,275.474609375,130,278.912384033203,275.199676513672,130,278.346603393555,274.938980102539,634,280.116851806641,277.125183105469,222748,285.90251159668,283.90771484375,948426,291.048980712891,291.385147094727,2143162,294.794296264648,296.331405639648,3682332,297.978607177734,299.82829284668,5400256,299.192932128906,301.242965698242,7114028,299.721908569336,301.499359130859,8644338,299.708053588867,300.756500244141,9832332,299.004852294922,298.904251098633,10552310,296.604995727539,295.511322021484,10768316,294.219314575195,291.981674194336,212.75,292.884216308594,289.697463989258,213,291.633270263672,288.076202392578,213,290.088653564453,286.571929931641,213,289.218322753906,284.435699462891,212,287.172515869141,281.724212646484,212,283.641677856445,280.064865112305,212,282.319625854492,279.017547607422,212,281.500366210938,278.361190795898,212,280.924102783203,277.946899414063,212,280.847244262695,277.396743774414,212,280.628051757813,276.883056640625,212,280.361404418945,276.413833618164,212,279.691268920898,275.984420776367,754,281.004028320313,278.060882568359,220394,285.717163085938,284.836090087891,941918,289.298217773438,291.794250488281,2115480,292.160461425781,296.670028686523,3633038,294.456726074219,300.410034179688,5310376,296.013214111328,302.05354309082,6992598,296.977828979492,302.3330078125,8502174,297.314788818359,301.088470458984,9679198,296.628173828125,298.436172485352,10390324,294.228057861328,294.5166015625,10605888,291.594955444336,291.03044128418,426.75,289.786880493164,288.928985595703,426.5,288.451110839844,287.436813354492,426,287.483352661133,286.307708740234,426,286.860656738281,285.59130859375,426,286.329650878906,284.916351318359,426,286.091430664063,284.756240844727,426,285.947021484375,284.693069458008,426,285.747573852539,284.505447387695,426,286.068832397461,284.887023925781,426,286.505111694336,285.463897705078,426,286.967346191406,286.145370483398,426,287.464096069336,286.804168701172,426,287.639343261719,287.164535522461,594,287.779067993164,287.507064819336,53184,288.175796508789,288.137329101563,288564,289.141693115234,288.575561523438,747718,290.99348449707,290.189239501953,1500208,284.570602416992,288.746185302734,2006098,285.367797851563,288.262649536133,2547838,286.188232421875,288.772567749023,3067524,286.327819824219,288.546539306641,3461058,285.856079101563,287.656723022461,3745482,284.730545043945,286.084548950195,3856910,283.401870727539,284.313110351563,380,282.62141418457,283.308242797852,380,281.777984619141,282.386779785156,380,281.097610473633,281.657501220703,380,281.117980957031,281.61442565918,380,281.061309814453,281.595321655273,380,279.634857177734,280.414749145508,380,279.474456787109,279.980682373047,380,279.656234741211,279.815155029297,380,279.952041625977,280.028839111328,380,280.33283996582,280.339706420898,380,280.830123901367,280.748886108398,380,281.539016723633,281.315856933594,380,282.192047119141,281.921783447266,548,282.849594116211,282.617431640625,33298,283.739807128906,283.51399230957,123256,285.0302734375,284.774703979492,307100,286.899307250977,286.514541625977,686290,282.301864624023,284.474182128906,903192,283.275726318359,284.394897460938,1208886,283.981002807617,284.537109375,1464488,284.406600952148,284.762283325195,1701490,284.573455810547,284.79411315918,1867428,284.635406494141,284.554183959961,1943556,284.650894165039,284.200439453125,547.25,284.717346191406,284.088684082031,547,284.245223999023,283.809280395508,547,283.643890380859,283.371551513672,547,283.246505737305,283.062286376953,548,283.180648803711,282.925445556641,548,280.961685180664,281.750061035156,548,281.705978393555,281.764434814453,548,282.868392944336,282.479232788086,548,284.378433227539,283.649215698242,548,285.740814208984,284.876571655273,548,286.588500976563,285.735382080078,548,286.827392578125,286.1962890625,548,286.520492553711,286.21240234375,716,286.572265625,286.307891845703,37808,286.952835083008,286.646865844727,158378,287.127746582031,287.142471313477,422262,287.671264648438,287.853240966797,792942,286.404754638672,286.991622924805,1035068,287.240295410156,287.729125976563,1817582,285.874313354492,287.478668212891,2450892,283.56559753418,285.101699829102,2786772,283.786499023438,283.813064575195,3052634,283.52587890625,282.225357055664,3243770,282.675735473633,280.940521240234,1308.25,282.392364501953,280.48210144043,1308,281.712066650391,280.003753662109,1308,280.948425292969,279.322738647461,1308,280.427520751953,278.754852294922,1308,279.983673095703,278.215026855469,1308,279.179840087891,277.559524536133,1308,279.235168457031,277.340667724609,1308,279.292831420898,277.226852416992,1308,279.192443847656,277.103286743164,1308,278.920532226563,276.872253417969,1308,278.612045288086,276.585464477539,1308,278.319473266602,276.297500610352,1308,277.998779296875,276.005157470703,2064,279.120910644531,277.397399902344,231900,281.847274780273,281.878982543945,961954,283.897079467773,285.954772949219,2141962,285.587142944336,289.145309448242,3691116,287.545516967773,291.602920532227,5434134,288.58283996582,292.924667358398,7181034,289.178833007813,293.155410766602,8750590,289.265243530273,292.320053100586,9978708,288.797988891602,290.427062988281,10738438,287.30517578125,287.274444580078,10987876,284.868209838867,283.641143798828,1688.25,283.52751159668,280.259201049805,1688.5,281.819885253906,278.193359375,1688,280.021499633789,276.978881835938,1688,279.115325927734,276.364837646484,1688,278.776077270508,276.077835083008,1688,278.958618164063,275.8173828125,1688,279.054153442383,276.335174560547,1688,278.797958374023,276.834228515625,1688,278.468597412109,277.093170166016,1688,277.965362548828,276.880859375,1688,277.346450805664,276.429046630859,1688,276.820983886719,275.947418212891,1688,276.492446899414,275.650939941406,2480,277.269515991211,276.64176940918,204878,278.683258056641,279.136428833008,771612,279.738204956055,280.085250854492,1334286,281.190078735352,282.627502441406,2291154,280.441390991211,282.288589477539,2720844,280.607543945313,282.203674316406,3178534,280.96630859375,282.653549194336,3674386,281.361785888672,283.077011108398,4248876,280.878341674805,281.926162719727,4402394,280.595275878906,280.739883422852,4432284,280.350433349609,280.318862915039,547.25,280.146072387695,279.632308959961,547.5,280.0732421875,279.935424804688,547,280.024215698242,279.916534423828,547,279.931228637695,279.767364501953,548,279.90983581543,279.719131469727,548,279.390274047852,279.184310913086,548,278.746353149414,278.298294067383,548,278.688842773438,278.21403503418,548,278.528915405273,278.096221923828,548,278.037155151367,277.488067626953,548,277.502731323242,276.787857055664,548,276.695617675781,275.665466308594,548,275.64241027832,274.188278198242,1424,276.624526977539,275.836502075195,221068,279.354858398438,282.137817382813,879562,281.303527832031,284.581451416016,1978552,283.280059814453,289.008117675781,3536194,284.920486450195,291.204620361328,5267534,285.955795288086,292.167785644531,7013162,286.695053100586,292.284912109375,8583450,287.094467163086,291.407913208008,9819742,287.045989990234,289.460891723633,10592304,285.736694335938,286.350570678711,10853404,284.01594543457,283.069030761719,2693,282.788955688477,280.963012695313,2693,281.872085571289,279.634017944336,2693,281.199172973633,278.875915527344,2693,280.459030151367,278.225646972656,2692,279.774322509766,277.549728393555,2692,280.005187988281,277.400299072266,2692,280.364120483398,277.514694213867,2692,281.047912597656,277.994766235352,2692,281.644821166992,278.653518676758,2692,281.636383056641,278.899261474609,2692,281.314865112305,278.846145629883,2692,280.8427734375,278.567291259766,2692,280.374526977539,278.180328369141,3698,281.544158935547,279.431701660156,242190,284.116424560547,283.090484619141,995862,286.302963256836,286.937515258789,2225566,287.771484375,289.579147338867,3807734,289.162750244141,291.376205444336,5579700,289.925628662109,292.321166992188,7360034,290.34033203125,292.484420776367,8967104,290.240432739258,291.781005859375,10239204,289.485015869141,290.208053588867,11035940,287.821472167969,287.650344848633,11279568,286.369079589844,285.334594726563,3240.5,285.397109985352,283.836639404297,3240.5,284.85612487793,283.021697998047,3241,284.531204223633,282.60285949707,3241,284.258514404297,282.30989074707,3240,283.942443847656,282.000823974609,3240,283.484252929688,281.610778808594,3240,283.010269165039,281.177627563477,3240,282.610443115234,280.709045410156,3240,282.001342773438,280.08576965332,3240,281.259460449219,279.294891357422,3240,280.526657104492,278.442138671875,3240,279.915649414063,277.69694519043,3240,279.774673461914,277.526062011719,4284,280.784225463867,278.752746582031,232434,283.872634887695,283.180572509766,976110,286.120071411133,287.637054443359,2196822,287.711471557617,290.475952148438,3765714,289.908172607422,292.548080444336,5538202,290.582275390625,293.407470703125,7317840,290.736312866211,293.310470581055,8923626,290.46061706543,292.336975097656,10144210,289.845611572266,290.717224121094,10927338,287.982986450195,287.873886108398,11206130,285.876525878906,284.739059448242,4077.75,284.507873535156,282.599517822266,4077.5,283.824340820313,281.476379394531,4078,283.450454711914,281.013259887695,4078,282.877334594727,280.318557739258,4078,283.068893432617,280.420501708984,4078,282.581588745117,280.461761474609,4078,281.485549926758,280.289047241211,4078,281.849166870117,280.155456542969,4078,281.955352783203,280.327301025391,4078,281.600570678711,280.203872680664,4078,280.523208618164,278.33332824707,4078,279.070907592773,276.498962402344,4078,278.485229492188,276.047775268555,5290,280.22248840332,278.022171020508,193124,283.333160400391,281.611587524414,749420,285.584075927734,284.600494384766,1424380,287.990142822266,289.192901611328,2565414,286.900115966797,290.052612304688,3926410,286.027053833008,288.331253051758,4742564,286.213623046875,288.067291259766,5727674,286.081649780273,288.0166015625,6850106,285.254653930664,286.554626464844,7558126,283.962982177734,284.476226806641,7806958,282.582717895508,282.362030029297,4754.5,281.99658203125,281.195877075195,4754.5,281.758911132813,280.53483581543,4755,281.409210205078,280.094757080078,4755,281.085220336914,279.758010864258,4754,280.741058349609,279.439178466797,4754,280.745376586914,279.310623168945,4754,280.439575195313,279.085739135742,4754,280.217788696289,278.860488891602,4754,279.987701416016,278.624740600586,4754,279.693908691406,278.331283569336,4754,279.380569458008,278.005218505859,4754,279.044418334961,277.637145996094,4754,278.680130004883,277.237823486328,6218,279.404815673828,278.064041137695,260626,281.148178100586,280.800888061523,1044128,283.051422119141,284.102264404297,2313068,284.755615234375,286.910293579102,3939030,286.702575683594,289.285018920898,5745838,287.669998168945,290.803405761719,7562920,288.270599365234,291.304580688477,9205638,288.450973510742,290.751358032227,10507204,288.125442504883,289.168685913086,11335628,286.418258666992,286.334915161133,11635226,284.08122253418,283.039916992188,5926.75,282.615005493164,280.893661499023,5927,281.584732055664,279.472946166992,5927,280.880218505859,278.638732910156,5927,280.165893554688,278.00732421875,5926,279.411071777344,277.375198364258,5926,279.022201538086,276.750244140625,5926,278.409271240234,276.229965209961,5926,277.745376586914,275.683456420898,5926,277.038436889648,275.055465698242,5926,276.798522949219,274.376174926758,5926,277.043411254883,273.853927612305,5926,276.494537353516,273.470748901367,5926,276.092147827148,273.152038574219,7558,277.830001831055,275.640090942383,256436,283.206436157227,282.619918823242,1022936,286.685943603516,288.113388061523,2269166,289.672485351563,292.171569824219,3870784,292.25114440918,295.118469238281,5639750,293.862060546875,296.579193115234,7392414,294.9736328125,296.899871826172,8952194,295.45198059082,296.382369995117,10229168,294.915298461914,294.740173339844,11048254,292.842575073242,291.46452331543,11351636,289.502319335938,287.338363647461,6848,290.479202270508,283.410217285156,6848,289.707916259766,280.817779541016,6848,283.423965454102,279.240112304688,6848,283.51953125,278.604949951172,6848,283.763702392578,279.267227172852,6848,284.234786987305,280.050308227539,6848,284.227523803711,280.497802734375,6848,284.307189941406,280.699310302734,6848,284.222412109375,280.571502685547,6848,283.522827148438,279.745056152344,6848,282.732345581055,279.07243347168,6848,282.682998657227,279.068481445313,6848,283.040771484375,279.342483520508,8768,284.966979980469,281.469024658203,265758,287.357192993164,285.475341796875,1045748,288.808135986328,289.25895690918,2305526,289.763748168945,291.73420715332,3921544,291.811813354492,294.069076538086,5726796,292.09001159668,295.091644287109,7537910,291.837615966797,294.898727416992,9156792,291.026504516602,293.649337768555,10443406,289.787002563477,291.465316772461,11251500,288.287185668945,288.722900390625,11556340,286.61735534668,285.943939208984,7685.5,285.444427490234,284.127380371094,7685.5,284.399200439453,282.826309204102,7685,283.459350585938,281.789398193359,7685,282.573959350586,280.893295288086,7684,281.59831237793,279.93180847168,7684,280.812698364258,279.105743408203,7684,280.037033081055,278.24104309082,7684,279.708114624023,277.92741394043,7684,279.537826538086,277.814239501953,7684,279.793594360352,278.224578857422,7684,279.687850952148,278.258453369141,7684,279.555908203125,278.246688842773,7684,279.622604370117,278.383407592773,8900,280.376846313477,279.316055297852,94636,281.691284179688,281.255783081055,398082,282.974731445313,283.99006652832,1116736,284.087112426758,287.02458190918,2352282,283.799774169922,287.426467895508,3318822,284.64192199707,288.769165039063,4622106,285.350601196289,289.623870849609,6082988,285.795913696289,289.394927978516,7407518,285.883163452148,287.822402954102,8302286,284.903076171875,285.043243408203,8640698,282.719360351563,281.623489379883,9869.5,281.354309082031,279.359375,9869.5,280.559722900391,278.167938232422,9869,279.640151977539,277.365905761719,9869,278.476989746094,276.398529052734,9870,277.404724121094,275.38623046875,9870,276.574081420898,274.484329223633,9870,275.774658203125,273.637802124023,9870,274.876251220703,272.796524047852,9870,273.688339233398,271.85075378418,9870,272.557754516602,270.654449462891,9870,271.420425415039,269.561950683594,9870,270.645126342773,268.768798828125,9870,269.991165161133,268.245315551758,12422,272.502563476563,270.891677856445,288268,277.038391113281,278.419830322266,1106852,279.661468505859,284.805801391602,2420692,281.45458984375,289.289505004883,4099806,282.293823242188,291.733413696289,5972902,283.289794921875,292.7744140625,7858548,284.081954956055,292.431015014648,9568538,284.39501953125,290.904006958008,10933352,284.223510742188,288.384216308594,11817534,283.392395019531,284.641174316406,12158050,281.42854309082,280.395767211914,10874.75,279.219482421875,277.591613769531,10875,277.74072265625,275.829772949219,10875,276.979339599609,274.752517700195,10875,276.630645751953,274.107223510742,10876,276.349105834961,273.671157836914,10876,275.851425170898,273.248260498047,10876,275.402328491211,272.957489013672,10876,274.747283935547,272.614288330078,10876,273.819290161133,272.338317871094,10876,273.109161376953,272.039932250977,10876,272.748992919922,271.759078979492,10876,272.539047241211,271.518264770508,10876,272.420867919922,271.364486694336,13596,273.834884643555,273.084442138672,253436,275.806335449219,276.21452331543,903314,277.490768432617,279.085189819336,1790192,278.249328613281,280.478225708008,2634022,279.78483581543,282.771041870117,3805042,280.473236083984,284.521224975586,5076564,281.026565551758,285.330673217773,6307480,280.849716186523,284.243881225586,7043092,280.016632080078,282.170104980469,7341186,278.917007446289,280.007720947266,7424606,277.924575805664,277.499420166016,6120.5,277.423706054688,276.671142578125,6121,276.849914550781,276.041107177734,6121,275.902252197266,274.877044677734,6121,274.491333007813,273.108901977539,6120,273.111282348633,271.516586303711,6120,271.700622558594,270.172866821289,6120,271.358276367188,269.722839355469,6120,271.123016357422,269.415100097656,6120,270.977767944336,269.240692138672,6120,270.844055175781,269.078948974609,6120,270.83708190918,269.030258178711,6120,270.853744506836,269.078720092773,6120,270.790817260742,269.040100097656,9382,272.368392944336,271.020278930664,291372,275.518432617188,275.470840454102,1116936,278.499954223633,279.869812011719,2440194,281.046279907227,285.150970458984,4132508,282.179946899414,287.842575073242,6019862,283.269271850586,289.326812744141,7923226,284.034927368164,289.687118530273,9655774,284.396072387695,288.813995361328,11044834,284.329483032227,286.846343994141,11952096,283.105651855469,283.681411743164,12310746,280.706939697266,279.801651000977,13898.5,279.008239746094,277.272262573242,13898.5,277.688522338867,275.537567138672,13899,276.627532958984,274.293060302734,13899,275.66325378418,273.332168579102,13898,274.712036132813,272.505340576172,13898,274.0732421875,271.728439331055,13898,273.535140991211,271.111923217773,13898,273.523727416992,270.910385131836,13898,273.489120483398,270.876937866211,13898,273.306762695313,270.74967956543,13898,272.974380493164,270.476821899414,13898,272.491134643555,270.142074584961,13898,271.826171875,269.69189453125,17494,274.007308959961,272.184127807617,301540,279.33837890625,279.408325195313,1127346,282.586929321289,284.984512329102,2448494,285.201690673828,289.284149169922,4135646,287.330642700195,292.268402099609,6028998,288.383911132813,293.947875976563,7936332,288.911193847656,294.05290222168,9670508,289.042739868164,292.937194824219,11060476,288.725845336914,290.74089050293,11970152,287.156814575195,287.251220703125,12334082,284.707824707031,283.06413269043,15489,282.622100830078,280.147476196289,15489,280.614395141602,277.76611328125,15489,278.966400146484,275.735702514648,15489,277.644638061523,274.170669555664,15490,276.520721435547,273.146011352539,15490,277.675079345703,272.500030517578,15490,275.89860534668,271.754547119141,15490,275.142547607422,271.185760498047,15490,274.839019775391,270.715301513672,15490,274.811080932617,270.304428100586,15490,275.372085571289,269.960418701172,15490,275.760314941406,269.6474609375,15490,274.31640625,269.400131225586,19672,275.128616333008,272.555480957031,311760,280.623046875,279.912628173828,1149230,284.205642700195,286.196472167969,2483708,287.200088500977,290.70442199707,4185650,289.750839233398,293.802215576172,6089978,291.240768432617,295.477661132813,8008766,292.247116088867,295.854553222656,9755534,292.694396972656,295.076705932617,11158566,292.541152954102,293.255279541016,12081098,290.695053100586,290.054641723633,12455680,287.914123535156,285.963455200195,17377.25,285.924133300781,283.027847290039,17377,284.302062988281,280.910491943359,17377,283.219818115234,279.496383666992,17377,282.262619018555,278.579833984375,17378,281.114852905273,277.725738525391,17378,280.00407409668,276.827438354492,17378,278.789825439453,275.654022216797,17378,277.734603881836,274.620513916016,17378,276.830505371094,273.77214050293,17378,276.048461914063,273.082214355469,17378,275.354888916016,272.471328735352,17378,274.788528442383,271.910049438477,17378,274.496170043945,271.401504516602,22146,276.57502746582,274.166076660156,323018,282.818389892578,281.680267333984,1178176,286.683837890625,287.848159790039,2539368,289.789733886719,292.106887817383,4275210,292.047027587891,294.99479675293,6214250,293.741577148438,296.894775390625,8168244,294.821136474609,297.552322387695,9948062,295.250152587891,297.011154174805,11380270,295.040908813477,295.338150024414,12325908,313.765869140625,322.602783203125,21963242,311.938232421875,317.447998046875,521481.25,308.34423828125,311.546142578125,632659,305.872802734375,307.390380859375,632659,304.55517578125,305.07275390625,632659,303.42138671875,303.413818359375,632659,302.4833984375,302.166015625,632658,301.405029296875,301.0078125,632658,300.872314453125,300.106201171875,632658,300.277099609375,299.330078125,632658,299.4873046875,298.513671875,632658,298.92626953125,297.942626953125,632658,298.3837890625,297.42529296875,633648,298.509765625,298.060791015625,830150,299.35205078125,300.6572265625,1510588,300.951171875,304.31494140625,2749190,302.96875,308.38720703125,4517394,304.95849609375,312.157958984375,6684168,306.73828125,315.6318359375,9186016,306.156982421875,317.243408203125,11817688,306.96923828125,318.1953125,14372466,307.574462890625,317.65966796875,16566600,308.015625,317.391357421875,18473842,308.096435546875,316.386474609375,19938894,307.2939453125,313.910400390625,20959158,306.26220703125,310.489990234375,506856.75,305.0029296875,307.0908203125,623737.5,303.965576171875,304.54833984375,623737,303.017822265625,303.032958984375,623737,302.169677734375,301.938232421875,623737,301.472412109375,300.96435546875,623737,300.5078125,299.96923828125,623736,300.119140625,299.260009765625,623736,299.739013671875,298.716796875,623736,299.03076171875,298.031982421875,623736,298.20458984375,297.322021484375,623736,297.341552734375,296.545654296875,624560,297.58203125,297.114013671875,815366,298.94677734375,300.104736328125,1493852,301.06787109375,304.169921875,2721934,303.52880859375,308.82421875,4467938,305.919189453125,313.529541015625,6644144,307.862060546875,317.839111328125,9124844,307.50146484375,320.230224609375,11770910,308.568359375,322.17578125,14404398,309.31982421875,322.551513671875,16802166,309.775146484375,321.9912109375,18918360,309.763916015625,320.0888671875,20563730,309.355712890625,317.21142578125,21715100,307.880126953125,311.42333984375,468800,306.32958984375,308.0595703125,588776,304.63427734375,305.134521484375,588776,303.353515625,303.206787109375,588776,302.35888671875,301.92822265625,588776,301.3330078125,300.737060546875,588776,300.087890625,299.448974609375,588776,299.47705078125,298.572509765625,588776,298.93896484375,297.861083984375,588776,298.474609375,297.302734375,588776,297.913818359375,296.737548828125,588776,297.34130859375,296.185791015625,589516,297.787841796875,296.888916015625,774422,299.590576171875,300.234619140625,1434526,302.028076171875,304.7177734375,2624330,304.774658203125,309.8798828125,4341590,307.421142578125,314.9521484375,6462172,309.530029296875,319.3623046875,8859116,310.709716796875,322.5927734375,11325918,311.7021484375,324.0771484375,13887960,312.22265625,325.138916015625,16269772,312.119873046875,323.40869140625,17995832,311.2568359375,319.060546875,18876632,309.920166015625,313.825439453125,19239300,307.416015625,310.197265625,303846.75,304.889404296875,306.1826171875,365346,303.75830078125,303.712890625,365346,303.176025390625,302.439208984375,365346,302.610107421875,301.4990234375,365346,301.929931640625,300.72900390625,365346,300.403564453125,299.660888671875,365346,299.8603515625,298.773681640625,365346,299.37646484375,298.06201171875,365346,298.92041015625,297.450439453125,365346,298.299560546875,296.8115234375,365346,297.654296875,296.180419921875,365920,298.179443359375,297.0400390625,554558,299.935791015625,300.6240234375,1235512,302.2041015625,305.177734375,2474926,304.720947265625,310.170654296875,4240150,307.121337890625,315.08203125,6443288,309.06787109375,319.430419921875,8955188,309.642333984375,322.529541015625,11608054,310.533935546875,323.521240234375,14123268,311.04443359375,323.52001953125,16378326,310.5673828125,322.528076171875,18332942,308.88671875,318.29541015625,19641028,308.015869140625,314.32080078125,20634622,306.911376953125,310.6943359375,396033.25,305.388916015625,307.335205078125,492064,303.480712890625,304.33642578125,492064,302.0888671875,302.31396484375,492064,301.108642578125,300.853759765625,492064,300.516357421875,299.897216796875,492064,299.76953125,299.292236328125,492064,299.062744140625,298.37255859375,492064,298.426025390625,297.45166015625,492064,297.973876953125,296.634033203125,492064,297.432373046875,296.02587890625,492064,296.725830078125,295.419677734375,492554,297.17578125,296.22998046875,677136,298.8271484375,299.83544921875,1350432,300.937255859375,304.33349609375,2579632,303.336181640625,309.345458984375,4331562,305.559814453125,314.2861328125,6518158,307.349609375,318.56298828125,9012848,305.433349609375,320.249755859375,11671030,306.12548828125,322.75830078125,14103760,306.658203125,323.005126953125,16287576,306.88134765625,321.400634765625,18175648,306.72216796875,319.251220703125,19757984,306.462158203125,316.013671875,20826386,305.362060546875,311.571533203125,568619.5,303.175048828125,306.681884765625,691787.5,301.1279296875,302.669677734375,691788,299.35302734375,300.255126953125,691788,298.3125,298.61181640625,691788,297.588623046875,297.456298828125,691788,296.268798828125,296.279052734375,691788,295.84716796875,295.546875,691788,295.376220703125,295.03271484375,691788,294.90087890625,294.6025390625,691788,294.561767578125,294.2626953125,691788,294.458984375,294.080322265625,692074,295.08837890625,294.8876953125,834548,296.75537109375,298.19873046875,1362232,298.47705078125,302.52978515625,2374578,299.9921875,307.071533203125,3874446,301.6923828125,312.2939453125,5945710,302.6728515625,315.14794921875,8069898,302.98974609375,315.51220703125,10061518,303.9248046875,316.78564453125,12183352,304.455078125,317.51220703125,14347258,304.303466796875,315.975830078125,16064262,303.908447265625,313.96533203125,17453438,302.8310546875,311.17529296875,18461758,302.064208984375,306.55322265625,513181,300.89501953125,303.302490234375,620500,299.908203125,300.757568359375,620500,298.98876953125,299.13525390625,620500,298.04736328125,297.8037109375,620500,297.334716796875,296.842529296875,620500,296.801513671875,295.9189453125,620500,296.079833984375,294.934326171875,620500,295.55908203125,294.310546875,620500,295.340576171875,294.01513671875,620500,294.976806640625,293.6103515625,620500,294.67236328125,293.30517578125,620786,295.58935546875,294.509033203125,797750,297.946533203125,299.0224609375,1460008,300.104248046875,304.4541015625,2671916,302.107177734375,309.91162109375,4399630,303.64404296875,314.909912109375,6564260,304.582275390625,317.33935546875,8669620,305.843994140625,320.0615234375,11045096,306.492919921875,320.598876953125,13400580,306.96533203125,320.600830078125,15674240,306.935302734375,319.192138671875,17619928,306.6123046875,316.846435546875,19088462,305.680908203125,313.708251953125,20104946,304.475341796875,308.974853515625,391002.25,303.50927734375,305.620361328125,500520,302.386962890625,303.078125,500520,301.14599609375,301.163330078125,500520,300.011962890625,299.8017578125,500520,298.98486328125,298.64697265625,500520,298.76171875,297.866943359375,500520,298.0712890625,297.16796875,500520,297.15283203125,296.244873046875,500520,296.453369140625,295.468505859375,500520,295.706787109375,294.644775390625,500520,295.238525390625,294.1279296875,500724,295.89990234375,295.054931640625,673902,298.059814453125,299.59619140625,1328850,300.287841796875,304.7607421875,2490534,302.50244140625,310.26220703125,4212964,304.0380859375,314.80029296875,6272934,305.28955078125,318.519775390625,8589656,306.283935546875,319.692138671875,10819512,306.493896484375,319.384521484375,12776230,306.800537109375,319.210205078125,14769192,306.884521484375,318.005126953125,16428898,306.787841796875,316.596435546875,17843654,304.8046875,313.332763671875,18795876,304.6962890625,308.200439453125,485335.25,303.59228515625,305.218017578125,598020,302.192138671875,302.397705078125,598020,301.05810546875,300.50732421875,598020,300.068115234375,299.18115234375,598020,299.2490234375,298.2080078125,598020,298.752685546875,297.382080078125,598020,298.030029296875,296.704345703125,598020,297.274169921875,295.94482421875,598020,296.545654296875,295.173583984375,598020,295.831298828125,294.359375,598020,295.23828125,293.6630859375,598186,295.98291015625,294.6474609375,764432,298.403564453125,299.010009765625,1420938,300.858642578125,304.328369140625,2630338,303.037353515625,309.51123046875,4362318,304.744384765625,313.921875,6485476,306.298583984375,318.138671875,8985682,307.53369140625,320.9921875,11565064,308.2216796875,322.137451171875,14057856,308.580322265625,321.626953125,16356832,308.352783203125,319.979736328125,18314564,307.583251953125,317.636474609375,19909880,305.981201171875,312.010986328125,20736916,304.796142578125,308.2197265625,473782.25,303.306884765625,304.939453125,587837.5,302.103515625,302.402587890625,587837,301.268798828125,300.865234375,587837,300.445556640625,299.6826171875,587837,299.710205078125,298.75927734375,587836,299.32763671875,298.18310546875,587836,298.516357421875,297.427734375,587836,297.885498046875,296.70751953125,587836,297.244384765625,296.010009765625,587836,296.5517578125,295.284912109375,587836,295.880126953125,294.54150390625,587920,296.46240234375,295.2705078125,758282,298.600341796875,299.14990234375,1413754,300.901123046875,304.003173828125,2626826,302.95849609375,308.224609375,4261354,304.936279296875,312.66455078125,6427048,306.521484375,316.380859375,8925014,307.710693359375,319.094970703125,11556976,308.2509765625,319.893798828125,13899372,308.406494140625,319.154296875,15952126,308.355224609375,318.131103515625,17812376,308.099609375,316.568115234375,19443016,307.206298828125,313.62353515625,20528392,305.91455078125,310.129638671875,596424.25,304.034912109375,306.080810546875,726842.5,302.474609375,303.086669921875,726843,301.442138671875,301.3037109375,726843,300.6337890625,300.0634765625,726843,299.951171875,299.184814453125,726842,299.41259765625,298.323486328125,726842,298.7265625,297.596923828125,726842,297.951171875,296.772705078125,726842,297.29931640625,296.046630859375,726842,296.679931640625,295.366943359375,726842,296.142578125,294.812255859375,726926,296.607666015625,295.54150390625,894940,297.954833984375,298.6884765625,1531950,299.73974609375,302.667724609375,2740748,301.836181640625,306.897705078125,4467366,303.930908203125,311.0751953125,6642552,305.749267578125,314.80908203125,9132840,306.868408203125,317.6201171875,11783704,307.753173828125,318.935546875,14317210,308.156982421875,319.135498046875,16620514,308.2578125,318.581298828125,18643482,308.060302734375,316.9931640625,20280466,307.213134765625,313.907958984375,21316808,305.894287109375,310.157470703125,532509.5,303.912109375,306.096435546875,639157.5,301.915283203125,302.892333984375,639157,300.795654296875,300.98779296875,639157,300.224609375,299.947509765625,639157,299.612060546875,299.0537109375,639158,298.8798828125,298.078857421875,639158,298.077392578125,297.26513671875,639158,297.30712890625,296.55029296875,639158,296.64697265625,295.885009765625,639158,296.04248046875,295.2734375,639158,295.5126953125,294.709228515625,639158,295.91650390625,295.293212890625,803166,297.36474609375,298.2509765625,1446178,299.445068359375,302.215087890625,2648790,301.638916015625,306.365478515625,4295782,303.978759765625,310.972412109375,6470684,305.851318359375,314.806640625,8940614,307.12158203125,317.532958984375,11492440,308.01806640625,319.5791015625,14043954,308.4677734375,319.83837890625,16408200,308.39111328125,318.768798828125,18453774,307.84130859375,316.501953125,20003118,306.319091796875,312.482666015625,20758620,304.722412109375,308.651611328125,430313.25,303.280517578125,305.111083984375,528476.5,302.227783203125,302.689697265625,528477,301.159423828125,301.072265625,528477,299.799072265625,299.653076171875,528477,298.712890625,298.5654296875,528478,297.4873046875,297.271484375,528478,296.9287109375,296.43798828125,528478,296.45166015625,295.88623046875,528478,296.046630859375,295.435791015625,528478,295.572021484375,294.961181640625,528478,295.254150390625,294.635498046875,528478,295.6181640625,295.2041015625,677632,297.044677734375,298.15478515625,1282548,298.8544921875,301.76953125,2385716,300.840087890625,305.98291015625,3993598,302.429443359375,309.710205078125,5899204,303.591552734375,312.65576171875,8019722,304.429931640625,314.2099609375,10178702,305.272705078125,315.16748046875,12304068,305.887451171875,315.71142578125,14343912,305.637451171875,314.81005859375,16084700,305.17724609375,312.738037109375,17587438,303.95947265625,309.656005859375,18455128,302.2939453125,306.226806640625,452739.25,300.740234375,302.958984375,547905,299.686767578125,300.587890625,547905,299.099365234375,299.30029296875,547905,298.271484375,298.337158203125,547905,296.867431640625,296.65869140625,547904,296.500244140625,295.12255859375,547904,295.8466796875,295.20068359375,547904,295.238037109375,294.2998046875,547904,294.653076171875,293.610595703125,547904,294.263427734375,293.3203125,547904,293.93896484375,293.1435546875,547904,294.030029296875,293.3369140625,634764,294.931640625,294.350341796875,1006236,296.29443359375,297.2294921875,1715344,297.655029296875,299.991943359375,2711530,299.352294921875,303.698974609375,4037870,301.222412109375,308.013427734375,5864724,300.471923828125,307.777099609375,7228050,301.284423828125,307.693115234375,8669886,301.803955078125,308.05322265625,10039662,302.066162109375,307.93798828125,11280986,301.926025390625,306.7041015625,12185730,301.8212890625,305.230712890625,12813312,301.604248046875,303.686767578125,397186.75,300.667724609375,301.429443359375,508114.5,299.876708984375,299.71630859375,508114,299.04345703125,298.40576171875,508114,298.32763671875,297.36962890625,508114,297.537109375,296.567138671875,508114,296.99365234375,295.66650390625,508114,296.4970703125,295.12060546875,508114,296.06298828125,294.6396484375,508114,295.770263671875,294.26318359375,508114,295.523681640625,293.886962890625,508114,295.254638671875,293.526123046875,508114,296.062255859375,294.49462890625,633838,298.64013671875,298.6494140625,1173122,300.284423828125,303.195556640625,2166056,301.812744140625,307.2509765625,3576904,303.42431640625,311.303466796875,5427920,304.673095703125,314.115966796875,7460390,305.796875,315.53271484375,9442972,306.197265625,315.81201171875,11389628,306.398193359375,315.2509765625,13149514,306.57568359375,314.782470703125,14751276,306.63525390625,314.3212890625,16242318,305.951171875,311.88427734375,17222750,304.88818359375,307.392578125,404722,303.475341796875,304.46533203125,477200,302.21923828125,302.246826171875,477200,301.168212890625,300.767578125,477200,300.287353515625,299.6357421875,477200,299.62060546875,298.788818359375,477200,298.712158203125,297.690673828125,477200,298.3828125,296.295654296875,477200,297.8779296875,295.36181640625,477200,297.558349609375,294.673828125,477200,296.347412109375,293.9912109375,477200,295.57763671875,293.40087890625,477200,295.796630859375,294.32763671875,620334,298.832763671875,299.634765625,1188134,301.078857421875,305.515625,2191512,303.19189453125,311.808837890625,3798414,304.557373046875,316.243896484375,5716210,306.02783203125,321.259765625,8104760,306.6162109375,323.85693359375,10656816,307.294677734375,323.054931640625,12861496,307.550537109375,321.275390625,14753158,308.002197265625,320.07373046875,16561132,307.72314453125,317.236083984375,17801812,307.181884765625,313.676513671875,18586032,306.23486328125,310.171875,444949.75,304.544677734375,306.312744140625,524802,303.11572265625,303.736328125,524802,301.922119140625,302.037109375,524802,300.934326171875,300.730224609375,524802,300.029052734375,299.605224609375,524803,297.938720703125,298.015380859375,524802,297.302734375,296.899169921875,524802,296.6162109375,295.964111328125,524802,296.016845703125,295.182373046875,524802,295.5947265625,294.591064453125,524802,295.300537109375,294.199951171875,524802,296.09521484375,295.161376953125,667326,298.51708984375,299.7744140625,1270996,300.718017578125,305.37890625,2426654,302.721435546875,310.808837890625,4108254,304.401123046875,315.822998046875,6228300,305.876220703125,320.06640625,8672672,306.492431640625,321.32568359375,10840996,306.881103515625,321.271728515625,12868098,307.25390625,320.62109375,14700724,307.765380859375,320.563232421875,16542358,307.45166015625,317.64990234375,17822822,306.863525390625,314.20458984375,18652772,305.5439453125,310.431640625,472852.25,304.296630859375,306.221435546875,567012.5,303.36376953125,303.869140625,567012,302.06298828125,302.10498046875,567012,300.7802734375,300.7568359375,567012,299.63330078125,299.5458984375,567012,299.492919921875,298.827880859375,567012,298.8212890625,298.13818359375,567012,298.027099609375,297.309326171875,567012,297.305419921875,296.511962890625,567012,296.73193359375,295.942626953125,567012,296.183837890625,295.3720703125,567012,296.570556640625,295.943115234375,706538,298.1005859375,299.329833984375,1318736,300.138427734375,303.60009765625,2442300,302.419921875,308.506103515625,4128748,304.249755859375,313.138671875,6264402,305.2626953125,315.710693359375,8400452,306.46142578125,318.15234375,10717704,307.3544921875,320.156005859375,13110386,307.471435546875,318.814453125,14903568,307.72314453125,318.472412109375,16761548,307.521484375,316.701416015625,18263694,305.596435546875,313.356201171875,19298172,305.184814453125,308.296142578125,386070,303.913818359375,305.448486328125,484881.5,302.176025390625,302.8447265625,484881,300.862060546875,301.10888671875,484881,299.997314453125,299.856201171875,484881,299.1474609375,298.7880859375,484882,298.124755859375,297.787841796875,484882,297.65771484375,297.067138671875,484882,297.263671875,296.465576171875,484882,296.891357421875,295.980712890625,484882,296.53466796875,295.554931640625,484882,296.17333984375,295.15478515625,484882,296.613525390625,295.7958984375,624622,298.099365234375,299.03759765625,1232242,300.04052734375,303.140869140625,2391660,302.1650390625,307.629638671875,4063096,304.0576171875,311.913818359375,6194218,305.42431640625,315.051513671875,8546906,306.41015625,317.015869140625,10928120,307.135498046875,318.408935546875,13331042,307.541015625,318.648681640625,15573934,307.715087890625,318.179443359375,17582460,307.435546875,316.39892578125,19202844,306.165771484375,313.267822265625,20292720,305.02392578125,308.7255859375,383065.25,303.94580078125,305.638916015625,464724,302.802490234375,303.27685546875,464724,301.809326171875,301.656005859375,464724,300.954345703125,300.463623046875,464724,300.082763671875,299.386962890625,464724,298.863525390625,298.21875,464724,298.130126953125,297.208740234375,464724,297.540283203125,296.432373046875,464724,297.09521484375,295.816162109375,464724,296.78369140625,295.348388671875,464724,296.48681640625,295.128662109375,464724,296.804443359375,295.80224609375,603060,298.337158203125,298.98779296875,1208206,300.4365234375,303.2607421875,2369300,302.875732421875,308.0224609375,4064508,304.906494140625,312.3857421875,6184016,306.15380859375,315.359130859375,8447984,307.0703125,317.507568359375,10814632,307.55029296875,318.203369140625,12906370,307.932373046875,318.178955078125,14795114,307.914794921875,317.08447265625,16376282,307.962158203125,316.126220703125,17844118,307.37890625,313.53076171875,18743692,306.529296875,310.23193359375,465621,305.229248046875,306.787841796875,563012,303.876953125,304.15771484375,563012,302.722900390625,302.37939453125,563012,301.723388671875,301.041748046875,563012,300.982177734375,300.066650390625,563012,299.96240234375,298.870849609375,563012,299.306640625,297.976806640625,563012,298.8046875,297.245849609375,563012,298.626220703125,296.9296875,563012,298.050048828125,296.51904296875,563012,297.4892578125,296.099609375,563012,297.89892578125,296.81640625,692544,299.499755859375,300.012451171875,1285704,301.691650390625,304.3671875,2419648,303.95458984375,309.311279296875,4059720,305.779296875,314.22119140625,6149026,307.291748046875,318.49072265625,8474684,308.484375,321.105712890625,10809848,309.06396484375,321.621337890625,12973852,309.18408203125,320.606689453125,14767432,309.435546875,320.04833984375,16503356,309.269775390625,318.35302734375,17928180,307.652099609375,314.118408203125,18619434,306.575439453125,310.5107421875,487011,305.050537109375,306.95166015625,565185.5,303.658935546875,304.452392578125,565186,302.91650390625,302.971923828125,565186,302.271484375,301.79248046875,565186,301.7529296875,300.90625,565186,300.5751953125,299.934326171875,565186,300.161376953125,299.11962890625,565186,299.70166015625,298.52197265625,565186,299.179931640625,297.968017578125,565186,298.673828125,297.481689453125,565186,298.129150390625,296.943603515625,565186,298.473388671875,297.462646484375,694886,300.306396484375,300.92822265625,1274610,302.5283203125,305.8515625,2422136,304.49169921875,311.044189453125,4087998,306.143310546875,316.39599609375,6203766,307.350341796875,320.505126953125,8485020,307.529052734375,323.15234375,10900058,308.53515625,324.346435546875,13286466,309.143798828125,324.31640625,15526780,309.4501953125,323.364501953125,17563946,309.03955078125,320.884033203125,19135796,307.75,316.66455078125,20076278,303.099853515625,309.371337890625,412515.75,302.422607421875,304.596923828125,478204.5,302.20947265625,302.283203125,478205,301.80078125,301.110595703125,478205,301.089111328125,300.137939453125,478205,300.468505859375,299.303955078125,478204,297.994140625,297.9794921875,478204,297.5126953125,297.066650390625,478204,296.93505859375,296.24755859375,478204,296.52587890625,295.693115234375,478204,296.00634765625,295.06201171875,478204,295.514892578125,294.514404296875,478204,296.250732421875,295.369140625,600668,299.5517578125,300.1455078125,1126314,301.4873046875,305.53564453125,2151580,303.1708984375,311.416259765625,3771648,304.634521484375,316.705322265625,5846036,305.841064453125,320.284912109375,8139578,305.869384765625,322.661376953125,10642174,306.44677734375,321.6455078125,12670206,307.47998046875,322.18798828125,14900744,307.878662109375,320.93017578125,16840410,305.86669921875,315.69482421875,17806728,305.8984375,312.225830078125,18747976,304.150634765625,309.025390625,323084.75,302.95703125,304.91162109375,405270.5,302.07275390625,302.573974609375,405270.5,300.9501953125,301.21826171875,405271,300.541259765625,299.74560546875,405271,300.62060546875,299.173095703125,405270,299.630615234375,298.72607421875,405270,299.094482421875,298.140625,405270,298.813232421875,297.89599609375,405270,298.40771484375,297.48681640625,405270,297.4912109375,296.4521484375,405270,296.855712890625,295.745361328125,405270,297.21826171875,296.226806640625,529176,299.136474609375,299.977783203125,1114088,301.188720703125,304.745361328125,2253386,303.295166015625,309.78515625,3916862,305.111083984375,314.53173828125,5989152,306.778564453125,318.955810546875,8425424,307.541259765625,321.575439453125,10990030,308.566650390625,322.5703125,13500600,309.151123046875,321.71923828125,15575948,309.498046875,320.793701171875,17459324,308.41064453125,317.2177734375,18609254,307.76220703125,313.5517578125,19394742,306.510498046875,310.43505859375,461002.25,304.739990234375,306.637939453125,542918.5,303.1103515625,303.93701171875,542919,301.932861328125,302.18603515625,542919,301.0576171875,300.91064453125,542919,300.531982421875,300.171630859375,542918,300.31884765625,299.373779296875,542918,299.860107421875,298.7685546875,542918,299.30615234375,298.08154296875,542918,298.715576171875,297.407470703125,542918,298.058837890625,296.748779296875,542918,297.496337890625,296.19580078125,542918,297.73828125,296.602294921875,664124,299.2255859375,299.64306640625,1228036,301.268310546875,304.04931640625,2349482,303.652587890625,308.8427734375,3991950,305.9365234375,313.4794921875,6079712,307.721923828125,317.59814453125,8519642,308.793701171875,320.3447265625,11040170,309.48046875,321.966552734375,13529658,309.875732421875,322.15478515625,15854708,309.83203125,320.751708984375,17796756,309.1630859375,318.498779296875,19355124,308.08935546875,314.222900390625,20150534,307.024658203125,310.913330078125,462747.25,305.5673828125,307.40625,534495.5,304.318603515625,304.90380859375,534496,303.31396484375,303.254638671875,534496,302.4169921875,301.99853515625,534496,301.62060546875,300.985107421875,534496,301.3212890625,300.330078125,534496,300.34228515625,299.598388671875,534496,299.1572265625,298.600341796875,534496,298.226806640625,297.638916015625,534496,297.502685546875,296.847412109375,534496,296.88427734375,296.153564453125,534496,296.992919921875,296.330322265625,654016,298.463623046875,299.241943359375,1224532,300.685791015625,303.61474609375,2371650,303.14892578125,308.4658203125,4062830,305.424072265625,313.151611328125,6189340,307.36669921875,317.34814453125,8645018,308.7734375,320.591064453125,11247310,309.298828125,320.671142578125,13437684,309.896728515625,321.14208984375,15615498,309.758056640625,319.48974609375,17346772,309.49169921875,317.8984375,18875182,308.876953125,314.25,19730308,307.9541015625,311.3388671875,481855.25,306.1591796875,307.569580078125,569854.5,304.6396484375,304.94091796875,569855,303.405517578125,303.156494140625,569855,302.557373046875,301.99072265625,569855,301.803466796875,301.045654296875,569855,301.089111328125,300.20263671875,569854,299.5732421875,299.0087890625,569854,298.24951171875,297.81591796875,569854,297.305908203125,296.792724609375,569854,296.593505859375,295.95166015625,569854,296.017822265625,295.256103515625,569854,296.196533203125,295.486083984375,690736,297.859375,298.55712890625,1284816,300.233154296875,302.99462890625,2450586,302.90478515625,308.139892578125,4159904,305.3896484375,313.103271484375,6309992,307.414306640625,317.427490234375,8793010,308.5966796875,319.5234375,11085664,309.174072265625,320.55908203125,13107510,309.949462890625,322.171142578125,15365534,310.158203125,321.72998046875,17424704,309.21240234375,319.326416015625,19067008,308.353271484375,314.791748046875,20094488,307.2734375,311.15673828125,462286,305.621337890625,307.248779296875,558063,304.229248046875,304.529541015625,558063,303.019775390625,302.623291015625,558063,302.040771484375,301.2734375,558063,301.177001953125,300.23388671875,558063,300.542236328125,299.37646484375,558062,299.7890625,298.496826171875,558062,299.080810546875,297.62353515625,558062,298.391845703125,296.798095703125,558062,297.6943359375,296.0615234375,558062,297.04833984375,295.453857421875,558062,297.189697265625,295.755126953125,677140,299.062255859375,299.204345703125,1271058,301.27001953125,303.961669921875,2433998,303.722900390625,309.186767578125,4142724,305.768310546875,314.363525390625,6303504,307.4033203125,319.092041015625,8785368,308.29931640625,321.679931640625,11167752,309.18896484375,323.761962890625,13550688,309.694580078125,323.529296875,15658844,309.968017578125,322.833740234375,17645266,309.740478515625,320.00244140625,19062086,308.516845703125,316.3935546875,20079000,307.93310546875,312.149169921875,525572,306.611328125,308.31982421875,614132,305.236328125,305.44873046875,614132,304.039306640625,303.543212890625,614132,302.9404296875,302.124755859375,614132,302.018310546875,300.992919921875,614133,301.11572265625,299.938720703125,614132,300.34814453125,299.0302734375,614132,299.5615234375,298.1484375,614132,298.8408203125,297.26220703125,614132,298.309326171875,296.55908203125,614132,297.898681640625,296.078369140625,614132,298.19287109375,296.548828125,723638,300.201904296875,300.171142578125,1313812,302.560791015625,305.33642578125,2475012,304.938720703125,310.624755859375,4118612,306.90576171875,315.679931640625,6206776,308.582275390625,319.908203125,8574586,309.286865234375,322.2119140625,11038828,310.294921875,324.138916015625,13617232,310.776123046875,324.120361328125,15992558,310.98486328125,322.97998046875,18047348,310.678955078125,320.345947265625,19566566,308.589599609375,316.365966796875,20565538,307.617431640625,311.68603515625,473074.25,306.335693359375,308.066162109375,541597,305.17578125,305.40234375,541597,304.14501953125,303.5654296875,541597,303.092529296875,302.07421875,541597,302.321044921875,301.121826171875,541597,301.697265625,300.1513671875,541598,300.717529296875,299.123291015625,541598,299.612548828125,297.997314453125,541598,298.65576171875,297.020263671875,541598,297.9482421875,296.238037109375,541598,297.40771484375,295.590087890625,541598,297.837646484375,296.17041015625,648612,301.227783203125,300.558349609375,1203394,304.103759765625,307.5341796875,2353396,306.4375,313.597900390625,4043132,308.115478515625,318.082763671875,6054180,309.516357421875,322.105224609375,8481610,309.897705078125,322.90087890625,10772158,310.5673828125,323.493408203125,13029548,310.835693359375,322.6845703125,15041948,311.012939453125,321.6376953125,16827234,310.891845703125,319.981689453125,18328252,310.326171875,316.89208984375,19331444,309.5146484375,313.3583984375,532406.5,307.819580078125,309.44482421875,612146,305.506591796875,306.35693359375,612145.5,303.6259765625,304.184814453125,612145,302.29150390625,302.46728515625,612145,301.21240234375,301.0849609375,612146,301.569091796875,300.76171875,612146,300.78564453125,300.0419921875,612146,300.020751953125,299.265380859375,612146,299.601318359375,298.860595703125,612146,299.0126953125,298.23974609375,612146,298.45947265625,297.5673828125,612146,298.672119140625,297.837890625,716964,300.3759765625,301.249755859375,1281610,302.30419921875,305.767578125,2406670,304.4033203125,310.54833984375,4070692,306.303466796875,314.964111328125,6083244,308.017333984375,319.46630859375,8520214,306.61767578125,320.96533203125,10978270,307.69482421875,321.66064453125,13476552,304.5126953125,318.840087890625,15516286,304.70849609375,313.61474609375,16939064,305.064453125,310.728759765625,17799532
-102.9,31.6,291.651214599609,291.47966003418,9680030,289.922256469727,289.068023681641,0,288.449493408203,287.438705444336,0,287.135513305664,285.789291381836,0,286.157119750977,284.299652099609,0,285.603805541992,283.568862915039,0,285.041061401367,283.030151367188,0,283.742523193359,282.130996704102,0,283.156951904297,281.357330322266,0,282.767135620117,280.884780883789,0,282.329193115234,280.341979980469,0,282.033950805664,279.915603637695,0,281.649032592773,279.499847412109,0,281.145584106445,279.007690429688,0,280.607376098633,278.482116699219,630,281.280685424805,279.630294799805,219256,284.923751831055,284.497360229492,924392,288.193283081055,288.904541015625,2089772,290.758728027344,295.003356933594,3582090,292.627426147461,297.920166015625,5243582,294.058120727539,299.11311340332,6841010,294.489730834961,297.779861450195,7814888,294.675994873047,296.543090820313,8497786,294.445083618164,295.029678344727,9008198,292.716491699219,292.17073059082,9141178,290.678680419922,289.444122314453,0,287.488616943359,286.536514282227,0,285.684631347656,285.024002075195,0,285.189498901367,284.117004394531,0,285.608337402344,283.878814697266,0,284.498931884766,282.332794189453,0,283.974685668945,282.313629150391,0,283.590682983398,281.493667602539,0,283.221878051758,280.750915527344,0,282.556015014648,280.42350769043,0,281.990585327148,280.323135375977,0,281.571411132813,280.173110961914,0,281.369003295898,280.043869018555,0,281.057510375977,279.775756835938,570,281.676895141602,280.575866699219,220542,283.26806640625,283.477996826172,928334,284.87841796875,286.832794189453,2121240,286.498260498047,289.781005859375,3663288,288.532943725586,292.417922973633,5379750,289.741851806641,293.874435424805,7082070,290.487060546875,294.100570678711,8589574,290.690536499023,293.251647949219,9733962,290.04280090332,291.231567382813,10365998,288.129028320313,288.153106689453,10530834,286.389755249023,285.389099121094,0,285.180709838867,283.613235473633,0,284.308029174805,282.4599609375,0,283.589721679688,281.612487792969,0,282.931793212891,280.878997802734,0,282.366912841797,280.231887817383,0,282.121551513672,279.879730224609,0,281.996795654297,279.647644042969,0,281.936126708984,279.524337768555,0,281.801406860352,279.428039550781,0,281.459609985352,279.186920166016,0,280.899948120117,278.693115234375,0,280.294296264648,278.04313659668,0,279.599960327148,277.36018371582,570,279.963241577148,278.341018676758,197590,283.753067016602,283.642593383789,885160,286.210876464844,289.125457763672,2035906,288.298629760742,293.115127563477,3525336,290.132583618164,295.836654663086,5175772,291.214599609375,297.232147216797,6833814,291.853302001953,297.296829223633,8291180,291.996597290039,296.108901977539,9410786,291.633773803711,293.554138183594,10043608,290.631134033203,289.650451660156,10199810,288.121627807617,284.984893798828,0,284.766647338867,282.123138427734,0,283.335586547852,280.416259765625,0,281.305999755859,279.794860839844,0,279.804626464844,279.054183959961,0,278.871154785156,278.436965942383,0,277.997192382813,277.871337890625,0,277.7841796875,277.777236938477,0,277.43049621582,277.486557006836,0,276.887512207031,276.879425048828,0,276.51579284668,276.61701965332,0,276.008010864258,276.062698364258,0,275.793869018555,275.909164428711,0,275.74674987793,275.931350708008,198,276.172760009766,276.659729003906,100688,276.958541870117,278.013671875,377440,278.915328979492,281.507507324219,1253324,281.359954833984,286.164779663086,2722460,282.756317138672,289.387649536133,4403466,284.916641235352,292.184631347656,6076898,286.663650512695,293.178771972656,7564908,287.748641967773,292.990417480469,8699912,288.137313842773,291.066223144531,9362296,286.746383666992,287.30485534668,9536280,285.141860961914,284.185409545898,0,284.06982421875,282.364700317383,0,283.200942993164,281.147994995117,0,282.953552246094,280.375091552734,0,283.538711547852,280.019989013672,0,284.152267456055,280.387588500977,0,284.428970336914,280.928466796875,0,284.498626708984,281.198272705078,0,284.537292480469,281.329971313477,0,284.40364074707,281.306976318359,0,284.230697631836,281.164947509766,0,283.926712036133,280.890594482422,0,283.603897094727,280.604995727539,0,283.108459472656,280.08039855957,398,284.111053466797,281.319931030273,219066,287.658630371094,285.923690795898,908814,290.4208984375,291.108322143555,1944926,291.70783996582,295.011810302734,3316344,288.257476806641,296.012191772461,4768268,287.277893066406,293.888107299805,6056610,285.111892700195,290.892684936523,7072152,282.723983764648,287.477386474609,7806616,280.981979370117,284.242630004883,8194582,279.087310791016,281.246185302734,8317144,276.839065551758,278.234436035156,0,274.755325317383,275.775405883789,0,273.066375732422,273.934829711914,0,271.996444702148,272.5927734375,0,271.363922119141,271.829055786133,0,270.682312011719,271.021087646484,0,267.477691650391,269.059036254883,0,266.637496948242,267.800659179688,0,266.034439086914,266.98078918457,0,265.65446472168,266.382904052734,0,265.476058959961,266.144729614258,0,265.335403442383,265.997940063477,0,265.429946899414,266.231536865234,0,265.541900634766,266.33171081543,372,266.117797851563,267.500640869141,196778,267.406768798828,270.224548339844,756434,268.968826293945,273.216552734375,1699242,270.495407104492,275.886123657227,2914314,268.402557373047,273.779312133789,3581354,269.149154663086,273.960983276367,4428742,269.840133666992,274.287322998047,5220422,270.585357666016,274.905151367188,5985122,271.037506103516,274.441833496094,6582438,270.84016418457,272.255905151367,6758264,269.975036621094,269.900497436523,0,269.014404296875,268.195693969727,0,268.256713867188,267.191940307617,0,267.699340820313,266.593795776367,0,267.250961303711,266.202545166016,0,266.820831298828,265.917785644531,0,266.119659423828,265.52880859375,0,265.837554931641,265.217315673828,0,265.669082641602,264.961349487305,0,265.93049621582,264.80517578125,0,266.112670898438,264.70149230957,0,266.115692138672,264.629928588867,0,265.391662597656,264.594818115234,0,265.768081665039,264.600616455078,456,267.071716308594,267.450698852539,235776,269.290008544922,273.462585449219,999016,271.050933837891,277.791213989258,2246576,272.693588256836,280.888549804688,3845492,273.540542602539,282.734649658203,5623096,274.933868408203,283.281600952148,7391040,275.918106079102,282.848556518555,8961840,276.486968994141,281.506729125977,10169214,276.504287719727,279.327239990234,10887854,275.237487792969,275.886825561523,11089372,273.543640136719,272.812194824219,0,272.748580932617,271.287384033203,0,272.331436157227,270.633407592773,0,271.989837646484,270.390594482422,0,271.672622680664,270.239898681641,0,271.446624755859,270.139587402344,0,271.47346496582,270.165390014648,0,271.297637939453,270.038528442383,0,271.157989501953,269.927505493164,0,271.022262573242,269.846145629883,0,270.832885742188,269.714965820313,0,270.63215637207,269.545867919922,0,270.464950561523,269.416534423828,0,270.376708984375,269.347213745117,398,271.691452026367,271.007705688477,221058,274.555389404297,275.329833984375,944792,277.576446533203,279.851577758789,2133586,280.447052001953,284.348388671875,3665874,283.413055419922,288.213455200195,5372718,285.774291992188,291.492782592773,7073114,287.571899414063,292.657455444336,8584132,288.690399169922,292.332397460938,9744734,288.902923583984,290.448165893555,10434944,287.03515625,286.525207519531,10632012,284.437744140625,282.960983276367,59.25,282.574295043945,280.804153442383,59,281.08219909668,279.302917480469,59,279.907028198242,278.095275878906,59,278.890274047852,277.002822875977,58,277.805191040039,275.872039794922,58,278.403823852539,274.94172668457,58,277.395599365234,273.906112670898,58,276.66438293457,273.223388671875,58,276.713928222656,272.738357543945,58,276.975372314453,272.348205566406,58,276.517120361328,272.028915405273,58,275.327560424805,271.769729614258,58,274.837158203125,271.567001342773,456,277.024887084961,273.89616394043,220456,282.462997436523,280.977432250977,942762,287.30615234375,289.203674316406,2132014,290.770660400391,294.317657470703,3665070,293.977523803711,298.0927734375,5381488,296.283615112305,300.270263671875,7094856,297.930099487305,301.122344970703,8623120,298.795639038086,300.569595336914,9801834,298.421722412109,298.465225219727,10507468,295.019943237305,294.087188720703,10711334,291.498626708984,290.073974609375,86,289.579132080078,287.773910522461,86,288.89860534668,286.487670898438,86,288.854019165039,285.878265380859,86,288.819549560547,285.766967773438,86,288.694229125977,285.737228393555,86,288.696990966797,285.414260864258,86,287.758346557617,284.121566772461,86,287.196044921875,282.789001464844,86,287.017959594727,282.141067504883,86,286.510711669922,281.848403930664,86,286.119918823242,281.946014404297,86,285.952590942383,282.048568725586,86,285.93229675293,282.112426757813,482,287.567947387695,283.92008972168,209938,291.203186035156,288.48095703125,932396,294.663955688477,293.965026855469,2130994,296.743774414063,298.124450683594,3678770,298.46647644043,300.631378173828,5383696,299.269165039063,302.254791259766,7087180,299.604339599609,302.325042724609,8565878,299.471618652344,301.205062866211,9674632,298.796432495117,299.086868286133,10350440,296.447494506836,295.540252685547,10557294,293.972854614258,291.819320678711,172,292.285446166992,289.203277587891,172,290.824417114258,287.242736816406,172,289.131484985352,285.620986938477,172,286.734176635742,283.817916870117,172,285.218017578125,281.332183837891,172,283.444259643555,279.34049987793,172,282.829635620117,278.074935913086,172,285.040634155273,277.288986206055,172,285.061370849609,276.693832397461,172,284.577697753906,276.203491210938,172,281.679382324219,275.806640625,172,279.433868408203,275.490692138672,172,278.897384643555,275.212417602539,628,280.474273681641,277.431823730469,227200,286.11735534668,284.45263671875,970986,291.589996337891,292.516006469727,2196024,295.667343139648,297.852890014648,3774240,298.865325927734,301.50993347168,5536506,299.980041503906,302.772262573242,7295804,300.466049194336,302.954437255859,8868342,300.446334838867,302.149078369141,10090868,299.776336669922,300.212844848633,10834192,297.388198852539,296.687103271484,11060288,294.897048950195,292.938705444336,375.75,293.345153808594,290.441604614258,376,291.896942138672,288.625030517578,376,290.338653564453,287.066070556641,376,289.755432128906,285.035308837891,376,288.084625244141,282.282806396484,376,284.003005981445,280.600021362305,376,282.925094604492,279.570281982422,376,282.055053710938,278.941268920898,376,281.373321533203,278.390258789063,376,281.210525512695,277.795181274414,376,281.008911132813,277.230712890625,376,280.752029418945,276.716567993164,376,279.831893920898,276.250045776367,858,280.937622070313,278.351898193359,226094,285.666381835938,285.246246337891,967024,289.032592773438,292.253234863281,2175684,292.013977050781,297.681747436523,3736456,294.585632324219,301.632690429688,5461514,296.247589111328,303.44221496582,7197094,297.302047729492,303.8173828125,8752482,297.762054443359,302.541595458984,9969420,297.216064453125,299.713516235352,10707410,294.890167236328,295.5556640625,10933346,292.171127319336,291.85466003418,633.25,290.226333618164,289.628204345703,633,288.810485839844,288.046188354492,633,287.840774536133,286.876068115234,633,287.179016113281,286.08154296875,633,286.618713378906,285.371429443359,634,286.267211914063,284.912490844727,634,286.165771484375,284.886428833008,634,285.978042602539,284.689041137695,634,286.172348022461,284.904602050781,634,286.551986694336,285.360382080078,634,287.063049316406,286.051620483398,634,287.665267944336,286.794403076172,634,288.178405761719,287.385238647461,804,288.843521118164,288.128158569336,66258,289.826187133789,289.201782226563,357254,291.432708740234,289.884155273438,916130,293.44270324707,292.734161376953,1838678,286.652633666992,291.111419677734,2459776,287.461547851563,290.709915161133,3153390,288.162841796875,291.077255249023,3751932,288.353210449219,290.724273681641,4218906,287.838500976563,289.652816772461,4529192,286.642654418945,287.981033325195,4643470,285.083511352539,286.002563476563,488,284.01399230957,284.747695922852,488,283.016265869141,283.697326660156,488,282.123001098633,282.782501220703,488,282.114074707031,282.66520690918,488,282.108184814453,282.638290405273,488,280.711029052734,281.297561645508,488,280.523284912109,280.873260498047,488,280.630844116211,280.635467529297,488,280.868057250977,280.813995361328,488,281.20588684082,281.124862670898,488,281.669967651367,281.534042358398,488,282.351516723633,282.102966308594,488,283.059234619141,282.742095947266,600,283.775375366211,283.494384765625,32846,284.733947753906,284.46125793457,127090,286.0810546875,285.759078979492,317586,288.245010375977,287.688369750977,765872,283.149520874023,285.470275878906,995154,284.076507568359,285.332397460938,1315268,284.936080932617,285.578125,1591912,285.621444702148,285.990798950195,1865172,285.885955810547,286.02458190918,2059054,285.961578369141,285.690902709961,2141374,285.982925415039,285.313720703125,659.5,286.305236816406,285.283996582031,659.5,286.063583374023,285.166702270508,659,285.552093505859,284.807098388672,659,284.990646362305,284.462677001953,660,284.752914428711,284.220367431641,660,282.190200805664,282.935607910156,660,282.957931518555,282.961700439453,660,284.194564819336,283.723373413086,660,285.802261352539,284.942184448242,660,287.145111083984,286.165634155273,660,287.608032226563,286.758819580078,660,287.491455078125,286.8935546875,660,287.010726928711,286.70654296875,832,287.048828125,286.735626220703,39366,287.398147583008,287.045303344727,172678,287.520324707031,287.505752563477,475594,288.296264648438,288.333709716797,920930,286.234832763672,287.218185424805,1268580,287.777404785156,289.123657226563,2277500,285.632125854492,288.263824462891,2963784,284.06950378418,285.648574829102,3399880,284.583374023438,284.512283325195,3745668,284.35791015625,283.512466430664,3959832,283.363235473633,281.977630615234,1661.25,282.796661376953,281.13444519043,1661,282.053863525391,280.441253662109,1661,281.415222167969,279.781723022461,1661,281.036895751953,279.309539794922,1660,280.702423095703,278.855651855469,1660,279.896636962891,278.254837036133,1660,280.004699707031,278.051605224609,1660,280.077987670898,277.974899291992,1660,279.938537597656,277.861099243164,1660,279.647094726563,277.637878417969,1660,279.328842163086,277.343276977539,1660,279.024551391602,277.041641235352,1660,278.715576171875,276.743438720703,2374,279.800598144531,278.176696777344,237226,282.413681030273,282.544998168945,988896,284.447860717773,286.653991699219,2207372,286.085189819336,289.760543823242,3790994,288.088485717773,292.237686157227,5581572,289.15705871582,293.623886108398,7377276,289.731567382813,293.862442016602,8991832,289.776962280273,293.005599975586,10256644,289.247207641602,291.095031738281,11042202,287.71142578125,287.905303955078,11303036,285.606491088867,284.352081298828,2064,283.17985534668,281.284591674805,2064,281.476135253906,279.037109375,2064,280.531265258789,277.728881835938,2064,279.718841552734,277.206634521484,2064,279.352249145508,276.987991333008,2064,279.470336914063,276.7783203125,2064,279.491653442383,276.889862060547,2064,279.227645874023,277.158447265625,2064,278.951019287109,277.464263916016,2064,278.563018798828,277.396484375,2064,277.967544555664,276.954437255859,2064,277.436218261719,276.539215087891,2064,277.131118774414,276.332580566406,2776,277.791000366211,277.31364440918,201148,279.079742431641,279.784866333008,721728,279.972579956055,280.581344604492,1228574,281.188125610352,282.762268066406,2031964,280.681625366211,283.417495727539,2475602,280.845825195313,282.559143066406,2905980,281.21826171875,282.928939819336,3391794,281.490692138672,283.192245483398,3902404,280.923263549805,282.021865844727,4026004,280.714416503906,280.915664672852,4059074,280.608245849609,280.535659790039,718.5,280.403884887695,280.040512084961,718.5,280.4072265625,280.314331054688,718,280.336715698242,280.150909423828,718,280.245681762695,279.964630126953,718,280.08561706543,279.756240844727,718,279.503555297852,279.131576538086,718,278.929946899414,278.401809692383,718,278.817749023438,278.27262878418,718,278.542587280273,278.006378173828,718,278.064498901367,277.376739501953,718,277.479293823242,276.614028930664,718,276.681945800781,275.479919433594,718,275.54866027832,273.949996948242,1542,276.587417602539,275.775955200195,231858,279.714233398438,282.850708007813,930726,281.662902832031,285.261138916016,2081508,283.559356689453,289.840148925781,3681430,285.143142700195,292.058135986328,5449122,286.268295288086,292.995910644531,7241498,287.114974975586,293.120849609375,8855888,287.666732788086,292.255569458008,10129202,287.717864990234,290.277297973633,10927576,286.412475585938,287.096664428711,11200522,284.68391418457,283.754577636719,3236.75,283.349502563477,281.574340820313,3237,282.360366821289,280.190658569336,3237,281.595657348633,279.372009277344,3237,280.779342651367,278.635803222656,3236,280.164947509766,277.946212768555,3236,280.622375488281,277.904205322266,3236,281.096542358398,278.153366088867,3236,281.727600097656,278.682266235352,3236,282.183883666992,279.280471801758,3236,282.019195556641,279.397308349609,3236,281.555099487305,279.187942504883,3236,281.0146484375,278.786041259766,3236,280.538589477539,278.330718994141,4208,281.784393310547,279.654357910156,247106,284.583221435547,283.598297119141,1017638,286.849838256836,287.675796508789,2276954,288.3046875,290.342819213867,3899250,289.619781494141,292.053939819336,5717082,290.337738037109,292.912963867188,7544528,290.74072265625,293.054733276367,9197626,290.631057739258,292.351318359375,10512554,289.836578369141,290.745162963867,11329330,288.176940917969,288.146438598633,11591770,286.734313964844,285.762329101563,3837,285.799453735352,284.264373779297,3837,285.23503112793,283.453338623047,3836,284.857376098633,282.99348449707,3836,284.565155029297,282.63996887207,3838,284.268615722656,282.325042724609,3838,283.874877929688,281.962341308594,3838,283.375503540039,281.542861938477,3838,282.860443115234,280.992248535156,3838,282.116577148438,280.23420715332,3838,281.333679199219,279.359344482422,3838,280.571578979492,278.444091796875,3838,279.925415039063,277.64421081543,3838,279.628189086914,277.346374511719,4834,280.497116088867,278.664855957031,240944,284.075759887695,283.860260009766,1001424,286.497024536133,288.592132568359,2248324,288.287643432617,291.686889648438,3854676,290.580047607422,293.688705444336,5673996,291.176025390625,294.370361328125,7500402,291.320297241211,294.199142456055,9149358,291.05827331543,293.196350097656,10412540,290.423736572266,291.525817871094,11224332,288.477127075195,288.557479858398,11513454,286.216369628906,285.178512573242,4694,284.716857910156,282.945220947266,4694,284.045043945313,281.865051269531,4694,283.677017211914,281.388259887695,4694,283.226943969727,280.900588989258,4694,283.297409057617,280.981048583984,4694,281.981979370117,280.746917724609,4694,281.503128051758,280.445297241211,4694,281.636276245117,280.364440917969,4694,281.717071533203,280.473785400391,4694,281.825180053711,280.131607055664,4694,280.226333618164,278.06770324707,4694,278.920516967773,276.409118652344,4694,278.604370117188,276.186447143555,5862,280.33576965332,278.149124145508,204382,283.589019775391,282.033462524414,770104,286.052825927734,285.231353759766,1474056,288.722564697266,290.138214111328,2651160,287.007537841797,290.343627929688,3960056,286.050491333008,288.040237426758,4687984,286.481201171875,288.323150634766,5732900,286.372665405273,288.4169921875,6859594,285.520278930664,286.945251464844,7578106,284.246185302734,284.853179931641,7834900,282.830764770508,282.688201904297,5524.5,282.43798828125,281.619705200195,5524.5,282.188598632813,280.99967956543,5524,281.811553955078,280.567413330078,5524,281.468032836914,280.220901489258,5524,281.106292724609,279.884490966797,5524,281.069595336914,279.722732543945,5524,280.716918945313,279.450973510742,5524,280.448257446289,279.186660766602,5524,280.159576416016,278.904037475586,5524,279.836486816406,278.579330444336,5524,279.505569458008,278.231781005859,5524,279.153793334961,277.842224121094,5524,278.775833129883,277.427276611328,6948,279.512237548828,278.271072387695,266626,281.294662475586,281.078231811523,1069406,283.330718994141,284.512420654297,2370976,285.140380859375,287.418106079102,4039912,286.985778808594,289.771347045898,5896018,287.961013793945,291.301452636719,7763238,288.588958740234,291.835830688477,9452256,288.800582885742,291.323623657227,10791580,288.506301879883,289.762435913086,11645946,286.826461791992,286.916946411133,11957902,284.52458190918,283.586791992188,6724.25,283.115005493164,281.460067749023,6724,282.217544555664,280.137008666992,6724,281.591156005859,279.418029785156,6724,280.915893554688,278.83740234375,6724,280.196228027344,278.222854614258,6724,279.795639038086,277.611572265625,6724,279.204193115234,277.056137084961,6724,278.579360961914,276.488143920898,6724,277.870468139648,275.869918823242,6724,277.427429199219,275.114456176758,6724,277.721145629883,274.467208862305,6724,277.275787353516,273.990280151367,6724,276.619491577148,273.599304199219,8320,278.222579956055,276.087356567383,261970,283.481826782227,283.385543823242,1046470,287.123443603516,289.099716186523,2323744,290.313110351563,293.368835449219,3964738,293.09098815918,296.450500488281,5772668,294.864013671875,297.913177490234,7567940,295.9677734375,298.194793701172,9184388,296.38362121582,297.581588745117,10498890,295.843032836914,295.857360839844,11345086,293.741012573242,292.48014831543,11661088,290.385131835938,288.205551147461,7725.75,291.002639770508,284.228576660156,7725.5,289.459869384766,281.567779541016,7726,284.091934204102,279.929565429688,7726,283.98046875,279.423309326172,7726,284.093780517578,279.909805297852,7726,284.439865112305,280.526870727539,7726,284.442367553711,280.796630859375,7726,284.598205566406,280.923919677734,7726,284.407958984375,280.698455810547,7726,283.655639648438,279.637634277344,7726,283.013595581055,279.27946472168,7726,282.905654907227,279.418090820313,7726,283.068115234375,279.625686645508,9578,284.966979980469,281.695587158203,271160,287.646255493164,285.867919921875,1067852,289.272979736328,289.86247253418,2357788,290.328201293945,292.48030090332,4014810,292.399703979492,294.893295288086,5868150,292.74430847168,295.939300537109,7728004,292.437225341797,295.736618041992,9398734,291.559707641602,294.405197143555,10719996,290.263565063477,292.145004272461,11551464,288.826248168945,289.392822265625,11868590,287.12516784668,286.559173583984,8641.5,285.881927490234,284.680114746094,8641.5,284.740997314453,283.281387329102,8641,283.758178710938,282.166351318359,8641,282.814193725586,281.229232788086,8642,281.79753112793,280.22868347168,8642,281.033401489258,279.334259033203,8642,280.294845581055,278.54963684082,8642,279.866317749023,278.12663269043,8642,279.791732788086,278.109161376953,8642,279.928359985352,278.361297607422,8642,279.877304077148,278.404937744141,8642,279.907470703125,278.520126342773,8642,280.126510620117,278.758407592773,9894,281.107315063477,279.923477172852,110580,282.400268554688,281.896408081055,431008,283.482543945313,284.22053527832,1112276,284.520706176758,287.14176940918,2320570,284.170867919922,287.672561645508,3290402,284.93098449707,289.015258789063,4522694,285.729507446289,290.141448974609,5961056,286.350601196289,290.176177978516,7322366,286.553085327148,288.650527954102,8250094,285.586669921875,285.826446533203,8603822,283.449829101563,282.420364379883,11073,282.053527832031,280.19140625,11073.5,281.131988525391,278.927703857422,11073,280.122573852539,277.977233886719,11073,278.898864746094,276.906341552734,11074,277.734802246094,275.82568359375,11074,276.796737670898,274.841751098633,11074,275.921142578125,273.881942749023,11074,274.747344970703,272.882461547852,11074,273.838729858398,271.54411315918,11074,273.188613891602,270.259918212891,11074,271.482925415039,269.368591308594,11074,270.629501342773,268.745361328125,11074,270.071243286133,268.327346801758,13552,272.317016601563,271.094802856445,294108,277.116516113281,279.035064697266,1130468,279.837249755859,285.325332641602,2475094,281.73974609375,290.004348754883,4195220,282.573120117188,292.561538696289,6114780,283.621826171875,293.9501953125,8048314,284.492111206055,293.804061889648,9803492,284.86376953125,292.302444458008,11206268,284.778198242188,289.706481933594,12117324,284.046691894531,285.721252441406,12471336,282.06330871582,281.344985961914,12100.75,279.885498046875,278.554504394531,12100.5,278.49658203125,276.767272949219,12101,277.772308349609,275.690017700195,12101,277.357208251953,275.029098510742,12100,276.962387084961,274.534439086914,12100,276.415878295898,274.054901123047,12100,275.931625366211,273.715301513672,12100,275.354705810547,273.243194580078,12100,274.518508911133,272.898864746094,12100,273.708770751953,272.592666625977,12100,273.241180419922,272.272750854492,12100,272.972640991211,271.988967895508,12100,272.823211669922,271.798080444336,14752,274.225509643555,273.533660888672,255368,276.171569824219,276.69889831543,885976,277.891159057617,279.665267944336,1782238,278.725891113281,281.189163208008,2675480,280.06022644043,283.265182495117,3809860,280.861907958984,285.232162475586,5121828,281.503128051758,286.129501342773,6403716,281.480575561523,285.234115600586,7238590,280.651397705078,283.086120605469,7586580,279.432632446289,280.665924072266,7674024,278.451919555664,278.216217041016,6485.5,277.970581054688,277.149658203125,6485.5,277.342102050781,276.418060302734,6486,276.359283447266,275.302825927734,6486,275.055786132813,273.673355102539,6486,273.736282348633,272.172836303711,6486,272.302185058594,270.850601196289,6486,271.873901367188,270.281433105469,6486,271.554656982422,269.848693847656,6486,271.348861694336,269.596160888672,6486,271.150695800781,269.369964599609,6486,271.07145690918,269.237289428711,6486,271.023666381836,269.238876342773,6486,270.886520385742,269.159240722656,9676,272.421127319336,271.129653930664,296794,275.532104492188,275.683731079102,1140734,278.560501098633,280.328796386719,2494928,281.216201782227,285.775970458984,4228200,282.486587524414,288.520309448242,6162902,283.622787475586,289.983062744141,8115686,284.409927368164,290.353134155273,9894728,284.776931762695,289.485870361328,11322970,284.716201782227,287.500640869141,12258248,283.560729980469,284.322036743164,12631416,281.249908447266,280.440322875977,15354.75,279.594177246094,277.893356323242,15354.5,278.251022338867,276.133270263672,15354,277.063079833984,274.804779052734,15354,275.94841003418,273.738418579102,15354,274.856567382813,272.806121826172,15354,274.2763671875,271.949142456055,15354,273.818344116211,271.393173217773,15354,273.705368041992,271.213119506836,15354,273.551620483398,271.128890991211,15354,273.295043945313,270.94303894043,15354,272.900161743164,270.619400024414,15354,272.368087768555,270.241683959961,15354,271.615234375,269.75048828125,18886,273.747543334961,272.244674682617,308040,278.60400390625,279.652465820313,1152088,281.891616821289,285.082168579102,2504116,284.855987548828,289.579071044922,4231846,287.252517700195,292.869964599609,6171724,288.495239257813,294.629516601563,8127194,289.139709472656,294.85368347168,9906824,289.357192993164,293.802429199219,11335222,289.112564086914,291.58073425293,12272532,287.768142700195,288.036376953125,12650722,285.446105957031,283.73796081543,16955.5,282.713897705078,280.292007446289,16955.5,280.764785766602,277.36962890625,16956,279.862884521484,275.333358764648,16956,278.326278686523,273.977310180664,16956,277.014862060547,273.032730102539,16956,277.706329345703,272.382843017578,16956,275.97282409668,271.783843994141,16956,275.195281982422,271.273651123047,16956,274.864410400391,270.816864013672,16956,274.732955932617,270.411849975586,16956,275.161148071289,270.061981201172,16956,275.502502441406,269.7333984375,16956,273.982421875,269.468490600586,21088,274.730178833008,272.637512207031,318182,280.09375,280.193878173828,1173866,283.830642700195,286.516784667969,2539664,287.246963500977,291.39973449707,4283366,290.159042358398,294.811981201172,6236260,291.813034057617,296.565551757813,8205438,292.907272338867,296.965881347656,9999302,293.350646972656,296.141159057617,11441852,293.164199829102,294.227935791016,12392644,291.335678100586,290.933547973633,12781984,288.556701660156,286.736892700195,18925,286.467102050781,283.707534790039,18925,284.804016113281,281.506195068359,18925,283.665130615234,280.051071166992,18925,282.610275268555,279.113037109375,18924,281.388290405273,278.192535400391,18924,280.26774597168,277.220016479492,18924,279.000762939453,275.964569091797,18924,277.980697631836,274.927154541016,18924,277.201599121094,274.13932800293,18924,276.517211914063,273.519714355469,18924,275.874420166016,272.934219360352,18924,275.311965942383,272.378799438477,18924,275.002029418945,271.840957641602,23598,276.96955871582,274.572326660156,330210,283.001983642578,282.096282958984,1204648,287.162353515625,288.510269165039,2597472,290.717468261719,293.122512817383,4374536,292.939605712891,296.08659362793,6360606,294.579467773438,297.920166015625,8363564,295.569183349609,298.536697387695,10189824,295.927886962891,297.960372924805,11661598,295.703018188477,296.285415649414,12635984,314.093994140625,324.356689453125,22682960,312.602294921875,318.987060546875,548320,308.94189453125,312.583251953125,671849,306.466552734375,308.167724609375,671848,305.13916015625,305.72119140625,671848,303.91162109375,304.003662109375,671848,302.9443359375,302.724609375,671848,301.938232421875,301.5703125,671848,301.419189453125,300.680419921875,671848,300.853271484375,299.966796875,671848,300.1240234375,299.134765625,671848,299.48291015625,298.493408203125,671848,298.8642578125,297.96435546875,672646,298.865234375,298.529541015625,870832,299.73486328125,301.0478515625,1567814,301.38671875,304.73291015625,2843726,303.423828125,308.95361328125,4673684,305.42919921875,312.884521484375,6925252,307.2265625,316.3583984375,9506526,306.666748046875,318.079345703125,12229932,307.37939453125,318.87890625,14839420,308.013916015625,318.29638671875,17102782,308.47265625,317.942138671875,19012268,308.440185546875,317.003662109375,20534586,307.7080078125,314.394775390625,21557874,306.70166015625,310.900146484375,485724.75,305.4541015625,307.5146484375,598527.5,304.364013671875,305.02294921875,598528,303.340087890625,303.454833984375,598528,302.538818359375,302.383544921875,598528,301.890380859375,301.43701171875,598528,300.912109375,300.44580078125,598528,300.4921875,299.728759765625,598528,300.090576171875,299.169921875,598528,299.38427734375,298.457763671875,598528,298.57177734375,297.732177734375,598528,297.761474609375,296.983154296875,599180,298.00390625,297.571044921875,790556,299.44287109375,300.667236328125,1482194,301.60693359375,304.849609375,2739044,304.10107421875,309.62109375,4528986,306.485595703125,314.482666015625,6762772,308.426513671875,318.979736328125,9311206,307.85888671875,321.441162109375,12031352,308.98046875,323.46484375,14740148,309.80615234375,323.879638671875,17216424,310.259521484375,323.2021484375,19399410,310.281494140625,321.0537109375,21098258,310.095947265625,318.15673828125,22295226,308.620361328125,312.73974609375,518444,306.88623046875,308.9677734375,640466.5,305.11865234375,305.911865234375,640467,303.736328125,303.800537109375,640467,302.79833984375,302.51416015625,640467,301.7197265625,301.233154296875,640466,300.533203125,299.948974609375,640466,299.89501953125,299.056884765625,640466,299.33349609375,298.306396484375,640466,298.841796875,297.708984375,640466,298.298583984375,297.139892578125,640466,297.75732421875,296.603759765625,641032,298.225341796875,297.342041015625,823784,300.102294921875,300.750244140625,1483044,302.660888671875,305.4560546875,2694504,305.427001953125,310.7626953125,4419960,308.057861328125,316.1748046875,6588018,310.078857421875,320.8388671875,9034032,311.420654296875,324.3544921875,11555918,312.3525390625,325.7138671875,14193362,312.822265625,326.533447265625,16628882,312.684326171875,324.91259765625,18487260,312.1298828125,320.935546875,19561708,310.720947265625,314.583251953125,19932002,308.98046875,311.837890625,312040,305.873779296875,307.8818359375,381717,304.43798828125,304.662109375,381717,303.967041015625,303.388427734375,381717,303.262451171875,302.3857421875,381717,302.416259765625,301.45947265625,381718,300.944580078125,300.293701171875,381718,300.3759765625,299.328369140625,381718,299.88818359375,298.60107421875,381718,299.43603515625,297.981689453125,381718,298.780029296875,297.3154296875,381718,298.12890625,296.664794921875,382170,298.691162109375,297.5322265625,571864,300.558837890625,301.2138671875,1266452,302.9072265625,305.916015625,2535570,305.468994140625,311.026123046875,4346212,307.883056640625,316.08984375,6608648,309.79833984375,320.629638671875,9191072,310.378662109375,323.869384765625,11921292,311.307373046875,324.876708984375,14547546,311.81982421875,324.91064453125,16882550,311.4306640625,323.739013671875,18866220,309.708984375,319.05712890625,20174030,308.410400390625,314.96533203125,21226346,307.354736328125,311.2841796875,439865.25,305.892822265625,307.889892578125,539018,303.873291015625,304.85009765625,539018,302.5224609375,302.82568359375,539018,301.608642578125,301.377197265625,539018,301.033935546875,300.424560546875,539018,300.3828125,299.768798828125,539018,299.607666015625,298.83740234375,539018,298.949462890625,297.95166015625,539018,298.452392578125,297.145751953125,539018,297.862060546875,296.50634765625,539018,297.171142578125,295.880615234375,539386,297.626953125,296.70263671875,724888,299.3134765625,300.33154296875,1411392,301.482177734375,304.91552734375,2669780,303.892822265625,310.017333984375,4466290,306.122314453125,315.0361328125,6711054,307.947265625,319.36376953125,9274240,306.025146484375,321.038818359375,12009628,306.84423828125,323.91064453125,14574210,307.376953125,324.278564453125,16841112,307.55908203125,322.732666015625,18810534,307.21435546875,320.012939453125,20375818,306.960205078125,316.748046875,21447552,306.114013671875,312.403564453125,585908.25,303.817626953125,307.416259765625,713286.5,301.9599609375,302.849365234375,713286,300.04638671875,300.634033203125,713286,298.9140625,299.06884765625,713286,298.170654296875,297.991455078125,713286,296.843017578125,296.868896484375,713286,296.38037109375,296.140625,713286,295.880126953125,295.61865234375,713286,295.37939453125,295.1572265625,713286,295.005126953125,294.7705078125,713286,294.875,294.572509765625,713484,295.42626953125,295.2939453125,859778,297.01513671875,298.50341796875,1402936,298.71142578125,302.73681640625,2438038,300.177734375,306.985595703125,3935142,301.9482421875,312.3173828125,6054034,303.1435546875,315.94482421875,8323492,303.58740234375,316.84033203125,10503020,304.3857421875,317.66064453125,12648214,304.876953125,317.91064453125,14830730,304.678466796875,316.186767578125,16534008,304.185791015625,313.99267578125,17905790,303.0576171875,311.05419921875,18883072,302.310302734375,306.85009765625,530005.25,301.18994140625,303.681396484375,636077,300.26171875,301.284912109375,636077,299.38525390625,299.66259765625,636077,298.50048828125,298.3427734375,636077,297.789794921875,297.342529296875,636076,297.270263671875,296.4619140625,636076,296.538818359375,295.563232421875,636076,296.02392578125,294.923828125,636076,295.803466796875,294.62841796875,636076,295.398681640625,294.1806640625,636076,295.05908203125,293.82470703125,636274,295.89794921875,294.962158203125,813384,298.198486328125,299.3935546875,1488032,300.405029296875,304.8837890625,2730532,302.484130859375,310.42724609375,4503358,304.08544921875,315.409912109375,6718646,305.140869140625,318.24560546875,8974882,306.326416015625,320.9208984375,11463506,306.969482421875,321.165283203125,13858086,307.46337890625,321.073486328125,16196696,307.339599609375,319.676513671875,18209970,307.0068359375,317.315185546875,19740766,306.124267578125,314.266845703125,20827348,305.067138671875,309.810791015625,423543.5,304.05419921875,306.300048828125,539527,302.877197265625,303.599609375,539527,301.60498046875,301.643798828125,539527,300.439697265625,300.2978515625,539527,299.44384765625,299.18603515625,539528,299.345703125,298.491943359375,539528,298.5810546875,297.734375,539528,297.65869140625,296.787841796875,539528,296.978759765625,296.034912109375,539528,296.236083984375,295.215087890625,539528,295.744384765625,294.6552734375,539698,296.38037109375,295.582275390625,713828,298.475830078125,300.05712890625,1381128,300.742919921875,305.4013671875,2582492,302.98486328125,311.03564453125,4351030,304.5986328125,315.73779296875,6499548,305.80517578125,319.152587890625,8859574,306.897216796875,320.610107421875,11216856,307.032958984375,320.111083984375,13214208,307.345458984375,319.882080078125,15254898,307.419677734375,318.747314453125,16992450,307.399169921875,317.401123046875,18472752,305.123046875,313.906982421875,19467160,305.0810546875,309.110595703125,513188.5,304.11767578125,305.846923828125,627572,302.780029296875,303.012939453125,627572,301.61279296875,301.10498046875,627572,300.593505859375,299.77099609375,627572,299.7275390625,298.7587890625,627572,299.256591796875,297.956298828125,627572,298.551513671875,297.274658203125,627572,297.789794921875,296.50341796875,627572,297.037841796875,295.689208984375,627572,296.302001953125,294.8515625,627572,295.689453125,294.1435546875,627684,296.36962890625,295.0888671875,797348,298.710205078125,299.416259765625,1465626,301.204345703125,304.785400390625,2703468,303.447509765625,310.05029296875,4470334,305.232666015625,314.671875,6669342,306.806396484375,318.943359375,9237888,308.04345703125,321.8359375,11893320,308.7451171875,322.922607421875,14443166,309.033447265625,322.525390625,16846626,308.897705078125,320.800048828125,18896370,308.341064453125,318.542724609375,20578940,306.594482421875,313.354736328125,21438930,305.282470703125,308.5048828125,481317,303.744384765625,305.333984375,599322.5,302.552734375,302.840087890625,599323,301.719970703125,301.337890625,599323,300.879150390625,300.1552734375,599323,300.126220703125,299.22021484375,599324,299.76513671875,298.62060546875,599324,298.967529296875,297.884765625,599324,298.328857421875,297.17626953125,599324,297.660400390625,296.459228515625,599324,296.9482421875,295.714599609375,599324,296.274658203125,294.95166015625,599350,296.81787109375,295.6806640625,770952,298.944091796875,299.59130859375,1439914,301.317138671875,304.550048828125,2681260,303.48583984375,309.017578125,4386546,305.502685546875,313.53564453125,6611046,307.14453125,317.380859375,9182832,308.277099609375,320.052001953125,11870640,308.8154296875,320.846923828125,14258038,308.963134765625,320.041015625,16348632,309.032958984375,319.232666015625,18321234,308.6796875,317.419677734375,19990748,307.811767578125,314.45166015625,21125068,306.46533203125,310.821044921875,615742.75,304.542724609375,306.694091796875,751164,302.9609375,303.653076171875,751164,301.947998046875,301.8779296875,751164,301.0810546875,300.5791015625,751164,300.38671875,299.673095703125,751164,299.86181640625,298.823486328125,751164,299.173828125,298.085205078125,751164,298.408203125,297.284423828125,751164,297.74462890625,296.558349609375,751164,297.103759765625,295.855224609375,751164,296.57421875,295.292724609375,751190,297.021728515625,296.01416015625,920190,298.380615234375,299.1572265625,1565122,300.23974609375,303.222412109375,2802488,302.406494140625,307.596923828125,4575490,304.538330078125,311.9150390625,6807948,306.384033203125,315.83642578125,9373480,307.544189453125,318.8037109375,12108724,308.350830078125,319.830078125,14669162,308.701904296875,319.967529296875,17010910,308.845703125,319.471923828125,19102838,308.732177734375,317.8330078125,20774750,307.832275390625,314.650146484375,21815210,306.417724609375,310.759033203125,545817.75,304.388671875,306.651123046875,654194,302.348876953125,303.384521484375,654194,301.197998046875,301.44873046875,654194,300.57421875,300.357666015625,654194,299.983154296875,299.4755859375,654194,299.2802734375,298.535888671875,654194,298.493408203125,297.73388671875,654194,297.74072265625,297.01904296875,654194,297.10009765625,296.365478515625,654194,296.50341796875,295.7578125,654194,295.9833984375,295.201416015625,654194,296.37548828125,295.793212890625,818758,297.83544921875,298.7744140625,1473248,299.966552734375,302.836181640625,2704634,302.195556640625,307.080322265625,4383306,304.564697265625,311.839599609375,6615990,306.482177734375,315.849609375,9162430,307.75439453125,318.583740234375,11770950,308.62158203125,320.5126953125,14356362,309.0263671875,320.65087890625,16757332,308.95556640625,319.514892578125,18849934,308.37646484375,317.177734375,20393324,306.893310546875,313.033447265625,21108660,305.171630859375,309.241455078125,441164.25,303.680908203125,305.609130859375,548840.5,302.612548828125,303.150634765625,548840,301.466064453125,301.486328125,548840,300.090087890625,300.055419921875,548840,299.037109375,298.9443359375,548840,297.8916015625,297.705078125,548840,297.3271484375,296.88330078125,548840,296.82275390625,296.30810546875,548840,296.409912109375,295.845947265625,548840,295.950927734375,295.383056640625,548840,295.623291015625,295.030029296875,548840,295.9775390625,295.6025390625,701000,297.335693359375,298.52197265625,1324232,299.1748046875,302.28515625,2479854,301.222900390625,306.65087890625,4164484,302.890380859375,310.616455078125,6194698,304.140380859375,313.60888671875,8424950,304.812744140625,314.7373046875,10582566,305.647705078125,315.84326171875,12790226,306.258544921875,316.44189453125,14943908,305.524169921875,315.25927734375,16782764,305.10693359375,312.140380859375,18285438,304.00830078125,309.550537109375,19128402,302.3857421875,306.297119140625,472816.75,300.87890625,303.087890625,569961,299.889892578125,300.796875,569961,299.351318359375,299.57373046875,569961,298.689453125,298.680908203125,569961,297.631103515625,297.83837890625,569960,296.851806640625,295.98974609375,569960,296.2001953125,295.85693359375,569960,295.618896484375,294.7060546875,569960,295.010498046875,293.919189453125,569960,294.652099609375,293.5390625,569960,294.30029296875,293.3623046875,569960,294.451904296875,293.5673828125,655422,295.359375,294.850341796875,1027388,296.76318359375,298.0380859375,1725860,298.221435546875,301.156005859375,2793436,299.737060546875,304.562255859375,4118626,301.689208984375,309.099365234375,6034308,300.759033203125,308.980224609375,7541888,301.694580078125,308.790771484375,9116700,302.251220703125,309.23681640625,10610520,302.691162109375,309.28173828125,11987230,302.510009765625,307.9619140625,12986214,302.2626953125,306.343994140625,13694048,301.955810546875,304.499267578125,423168.25,301.066162109375,302.113037109375,536449.5,300.288818359375,300.34130859375,536450,299.52392578125,299.04638671875,536450,298.80224609375,298.00634765625,536450,298.21875,297.254638671875,536450,297.52685546875,296.38916015625,536450,297.0224609375,295.84326171875,536450,296.60009765625,295.4169921875,536450,296.264404296875,295.05615234375,536450,295.929931640625,294.621337890625,536450,295.617919921875,294.194091796875,536450,296.423583984375,295.14306640625,669732,298.82958984375,299.2509765625,1234144,300.622314453125,303.945556640625,2282582,302.353759765625,308.4345703125,3803342,304.03955078125,312.791748046875,5789194,305.331298828125,315.838623046875,7974676,306.26171875,316.70068359375,9929390,306.84765625,317.57373046875,12013624,307.118896484375,317.1962890625,13919640,307.23583984375,316.391845703125,15563034,307.26220703125,315.6064453125,17051194,306.603515625,312.93505859375,18005356,305.55615234375,308.404296875,378391.5,304.283935546875,305.45751953125,451477,303.02197265625,303.182373046875,451477,301.927978515625,301.658203125,451477,301.039306640625,300.5419921875,451477,300.39794921875,299.738037109375,451477,299.177001953125,298.565673828125,451476,298.36328125,297.330810546875,451476,297.8017578125,296.40869140625,451476,297.523193359375,295.736328125,451476,296.857177734375,294.9794921875,451476,296.37451171875,294.32275390625,451476,296.279052734375,295.12060546875,594276,298.971435546875,300.361328125,1162328,301.281982421875,306.1796875,2200236,303.43408203125,312.347900390625,3817438,304.914794921875,317.302490234375,5810726,306.35791015625,322.564453125,8245104,307.1220703125,325.64990234375,10887556,307.843505859375,324.914306640625,13183274,308.191162109375,323.607421875,15307510,308.529541015625,321.75341796875,17181654,308.24072265625,318.376708984375,18424200,307.713134765625,314.719482421875,19244522,307.03759765625,311.1875,458455,305.421630859375,307.351806640625,546427.5,303.95361328125,304.6953125,546427,302.711181640625,302.966796875,546427,301.592529296875,301.523193359375,546427,300.648193359375,300.316162109375,546427,298.565673828125,298.749755859375,546426,297.984375,297.688232421875,546426,297.3193359375,296.764892578125,546426,296.731689453125,295.983154296875,546426,296.2900390625,295.395751953125,546426,295.970458984375,295.000732421875,546426,296.63232421875,295.872314453125,689816,298.82177734375,300.2353515625,1303896,301.052001953125,305.8671875,2482460,303.139404296875,311.578369140625,4207934,304.869873046875,316.873779296875,6384506,306.358642578125,321.35546875,8899140,307.111572265625,323.23193359375,11267946,307.461181640625,322.881103515625,13365372,307.830078125,322.01953125,15270792,308.255615234375,321.434326171875,17109552,308.02978515625,318.66162109375,18471848,307.799072265625,315.40771484375,19375084,306.1650390625,311.501953125,508842.75,304.958740234375,307.283935546875,607164,303.90087890625,304.70703125,607163,302.52587890625,302.81005859375,607163,301.2607421875,301.4052734375,607163,300.21142578125,300.2255859375,607164,300.156982421875,299.538818359375,607164,299.5009765625,298.88037109375,607164,298.683349609375,298.028076171875,607164,297.959716796875,297.238525390625,607164,297.32177734375,296.591064453125,607164,296.773681640625,296.0087890625,607164,297.058837890625,296.497802734375,745746,298.5400390625,299.825927734375,1370050,300.613037109375,304.18212890625,2527758,302.931640625,309.119384765625,4254544,304.841552734375,313.853515625,6444998,305.9306640625,316.706787109375,8682710,307.18017578125,319.46484375,11145260,308.1123046875,321.616943359375,13672682,308.262451171875,320.275390625,15601802,308.44189453125,319.648193359375,17545812,308.0625,317.556884765625,19078912,306.117919921875,314.063232421875,20137514,305.583251953125,308.833251953125,376542.5,304.306396484375,305.915283203125,474175.5,302.525634765625,303.2861328125,474175,301.219482421875,301.55224609375,474175,300.438720703125,300.365966796875,474175,299.5791015625,299.3037109375,474176,298.577880859375,298.307373046875,474176,298.11865234375,297.590576171875,474176,297.70703125,296.989013671875,474176,297.334716796875,296.515869140625,474176,296.96826171875,296.090087890625,474176,296.61083984375,295.68994140625,474176,297.015869140625,296.3037109375,613908,298.445068359375,299.47900390625,1231144,300.41357421875,303.613525390625,2415152,302.6044921875,308.168701171875,4121702,304.5478515625,312.562255859375,6307688,305.84619140625,315.496826171875,8653584,306.90625,317.769775390625,11130330,307.604248046875,319.053466796875,13553886,308.013671875,319.308837890625,15851572,308.289306640625,319.007568359375,17956984,307.974609375,317.15673828125,19630198,306.509521484375,313.822509765625,20748250,305.37744140625,308.8583984375,376263.25,304.28759765625,305.834228515625,457300,303.154052734375,303.53076171875,457300,302.199951171875,302.013427734375,457300,301.323486328125,300.826904296875,457300,300.479248046875,299.797119140625,457300,299.365478515625,298.73828125,457300,298.614501953125,297.736083984375,457300,298.024658203125,296.971435546875,457300,297.57568359375,296.370849609375,457300,297.25048828125,295.918701171875,457300,296.94580078125,295.683349609375,457300,297.230224609375,296.32177734375,595484,298.743408203125,299.49951171875,1214302,300.8525390625,303.7802734375,2398400,303.340576171875,308.6435546875,4134674,305.394775390625,313.1474609375,6315110,306.71630859375,316.349365234375,8686880,307.611328125,318.589599609375,11166348,308.11083984375,319.285400390625,13364064,308.559326171875,319.401611328125,15392792,308.563232421875,318.29931640625,17100684,308.530517578125,317.036376953125,18611314,307.83203125,314.17919921875,19526136,306.96875,310.71435546875,462013.75,305.682373046875,307.311279296875,562621,304.3125,304.67138671875,562620,303.187744140625,302.92626953125,562620,302.201904296875,301.596435546875,562620,301.529052734375,300.676025390625,562620,300.49755859375,299.488037109375,562620,299.85546875,298.609619140625,562620,299.296875,297.851318359375,562620,299.040283203125,297.44921875,562620,298.505126953125,297.02685546875,562620,297.9794921875,296.626953125,562620,298.36376953125,297.3203125,691214,300.021240234375,300.578857421875,1291302,302.242431640625,304.99609375,2442142,304.47216796875,310.080810546875,4125148,306.25,315.17431640625,6249168,307.821044921875,319.92431640625,8670716,308.896484375,322.140869140625,10982586,309.47021484375,322.383056640625,13109296,309.63916015625,321.469970703125,14933974,309.7421875,320.55615234375,16628690,309.711181640625,319.10693359375,18120660,307.937255859375,314.993408203125,18901674,307.124267578125,311.3310546875,490397.75,305.532958984375,307.59814453125,571750,304.112060546875,305.026611328125,571750,303.34228515625,303.456298828125,571750,302.771484375,302.32763671875,571750,302.2646484375,301.47265625,571750,301.0712890625,300.528076171875,571750,300.647705078125,299.68994140625,571750,300.16064453125,299.03369140625,571750,299.631103515625,298.436767578125,571750,299.095703125,297.884033203125,571750,298.558837890625,297.318603515625,571750,298.895263671875,297.853271484375,701286,300.790771484375,301.52587890625,1293170,302.9892578125,306.62109375,2463136,304.89599609375,311.966064453125,4162842,306.514404296875,317.61865234375,6334778,307.656982421875,321.618408203125,8630448,307.870849609375,324.01171875,11033242,308.806640625,324.842529296875,13408588,309.497314453125,325.1171875,15735700,309.8310546875,324.259033203125,17835648,309.58056640625,321.727783203125,19421306,307.669921875,317.21142578125,20377770,302.775634765625,308.742431640625,393936.75,302.641357421875,304.505126953125,464809.5,302.48095703125,302.310546875,464809,302.103515625,301.352783203125,464809,301.507080078125,300.540283203125,464809,300.886474609375,299.831298828125,464810,298.43359375,298.5537109375,464810,297.9677734375,297.656494140625,464810,297.45849609375,296.84521484375,464810,297.08251953125,296.298583984375,464810,296.55908203125,295.66748046875,464810,296.050048828125,295.108154296875,464810,296.719482421875,295.904296875,583756,299.7001953125,300.5009765625,1098272,301.6220703125,305.94970703125,2126470,303.2646484375,312.119384765625,3771290,304.788818359375,317.679931640625,5912184,305.903564453125,320.804443359375,8177398,306.320556640625,323.341064453125,10722720,306.88623046875,322.0556640625,12778066,307.90380859375,322.48095703125,15034664,308.218505859375,321.00048828125,16938664,306.76318359375,316.37451171875,18015122,306.818359375,313.233642578125,18980384,303.687744140625,309.46875,348996.75,302.599609375,304.49560546875,434351.5,301.87548828125,302.070068359375,434351.5,301.1142578125,300.90966796875,434352,300.859619140625,299.56201171875,434352,301.09521484375,299.712158203125,434352,300.011474609375,299.14404296875,434352,299.494873046875,298.50390625,434352,299.143310546875,298.16162109375,434352,298.69482421875,297.67822265625,434352,297.8759765625,296.7763671875,434352,297.271728515625,296.128173828125,434352,297.61669921875,296.629150390625,558326,299.468505859375,300.294189453125,1150670,301.538330078125,305.069580078125,2313332,303.615478515625,310.203125,4009790,305.427490234375,315.19580078125,6129280,307.118408203125,319.838623046875,8619278,307.986572265625,322.575439453125,11240788,309.058837890625,323.62109375,13819804,309.711669921875,322.99072265625,16013082,310.013671875,322.008544921875,17979744,308.01611328125,317.3388671875,19097906,307.42041015625,312.7763671875,19861870,306.528076171875,310.14404296875,458732.5,305.156005859375,306.768798828125,547082.5,303.6494140625,304.22021484375,547083,302.462158203125,302.57861328125,547083,301.5634765625,301.32275390625,547083,301.082763671875,300.634521484375,547084,300.95361328125,299.887451171875,547084,300.453857421875,299.2685546875,547084,299.90380859375,298.60498046875,547084,299.332763671875,297.969970703125,547084,298.642822265625,297.291748046875,547084,298.064697265625,296.73876953125,547084,298.234375,297.094482421875,668184,299.6787109375,300.11181640625,1243034,301.748779296875,304.57666015625,2392518,304.162353515625,309.4365234375,4078646,306.4521484375,314.1279296875,6223104,308.237548828125,318.31884765625,8726142,309.287841796875,320.9873046875,11262748,309.978515625,322.568115234375,13762120,310.432373046875,323.03369140625,16185900,310.4296875,321.814208984375,18245852,309.7021484375,319.364013671875,19859160,308.71044921875,314.974853515625,20729028,307.520751953125,311.491455078125,474145.25,306.0009765625,307.890625,547979,304.730712890625,305.30615234375,547979,303.77099609375,303.709716796875,547979,302.8681640625,302.46728515625,547979,302.05419921875,301.442138671875,547980,301.7451171875,300.775390625,547980,300.82080078125,300.114013671875,547980,299.6552734375,299.104248046875,547980,298.756103515625,298.158447265625,547980,298.063232421875,297.406005859375,547980,297.42529296875,296.696533203125,547980,297.516357421875,296.861572265625,667838,298.918701171875,299.695068359375,1236766,301.146728515625,304.12646484375,2406224,303.66650390625,309.1416015625,4143180,305.959228515625,313.932861328125,6317626,307.91357421875,318.29150390625,8836828,309.3359375,321.575439453125,11486530,309.98046875,322.081298828125,13830136,310.529541015625,322.45458984375,16112558,310.392822265625,320.58349609375,17903184,310.21240234375,318.8984375,19482768,309.603515625,315.60546875,20379102,308.5322265625,312.1982421875,481714,306.7294921875,308.282470703125,572947.5,305.0947265625,305.52294921875,572948,303.823486328125,303.679931640625,572948,302.916748046875,302.43212890625,572948,302.170654296875,301.467529296875,572948,301.503173828125,300.64404296875,572946,300.0869140625,299.4931640625,572946,298.82177734375,298.34326171875,572946,297.887939453125,297.343505859375,572946,297.167724609375,296.50634765625,572946,296.572509765625,295.810791015625,572946,296.692626953125,296.013427734375,693812,298.298828125,299.04541015625,1293546,300.682373046875,303.51806640625,2484294,303.39892578125,308.768798828125,4234498,305.9208984375,313.810302734375,6426658,307.970947265625,318.355224609375,8975344,309.1533203125,320.515625,11327390,309.830322265625,321.89892578125,13475544,310.461181640625,322.944580078125,15722398,310.662109375,322.52294921875,17851468,309.71240234375,320.006103515625,19540714,308.945068359375,315.490966796875,20627916,307.76171875,311.82080078125,490572.75,306.037353515625,307.805419921875,590195,304.641357421875,305.070556640625,590195,303.457275390625,303.166259765625,590195,302.523193359375,301.83203125,590195,301.684814453125,300.81591796875,590195,301.026611328125,299.92724609375,590194,300.27734375,299.047607421875,590194,299.561279296875,298.17041015625,590194,298.870361328125,297.352783203125,590194,298.1650390625,296.6201171875,590194,297.56005859375,296.059326171875,590194,297.656494140625,296.329345703125,708944,299.486083984375,299.739501953125,1312340,301.70751953125,304.485107421875,2491290,304.185791015625,309.803955078125,4238846,306.244873046875,315.088134765625,6451596,307.8896484375,319.982666015625,8996286,308.75830078125,322.718994140625,11461844,309.76123046875,325.230712890625,13984692,310.305908203125,325.087890625,16223026,310.583251953125,324.236083984375,18301376,310.447509765625,321.37353515625,19828720,308.934814453125,317.3232421875,20885072,308.35302734375,312.811279296875,540660.75,307.09765625,308.91943359375,633253,305.78515625,306.04833984375,633253,304.533447265625,304.119384765625,633253,303.4150390625,302.702880859375,633253,302.512451171875,301.578857421875,633252,301.62548828125,300.532470703125,633252,300.85205078125,299.5888671875,633252,300.0146484375,298.64453125,633252,299.3056640625,297.78173828125,633252,298.742919921875,297.09033203125,633252,298.301025390625,296.605712890625,633252,298.57373046875,297.048828125,743872,300.569091796875,300.659423828125,1343442,302.967041015625,305.85205078125,2528872,305.335205078125,311.070068359375,4176972,307.30615234375,316.152587890625,6280530,309.066650390625,320.73828125,8745160,309.724365234375,323.2470703125,11314888,310.75,325.291259765625,13979180,311.299560546875,325.382080078125,16448896,311.53173828125,324.21044921875,18589550,311.159423828125,321.357666015625,20156374,309.404052734375,317.447998046875,21213118,308.324462890625,312.71728515625,479005,306.859130859375,308.818115234375,546966.5,305.7421875,306.140625,546966,304.79150390625,304.3154296875,546966,303.803466796875,302.884765625,546966,302.994873046875,301.879638671875,546966,302.37890625,300.8076171875,546966,301.582763671875,299.982666015625,546966,300.579345703125,298.997314453125,546966,299.53857421875,297.953857421875,546966,298.7470703125,297.105224609375,546966,298.17919921875,296.457275390625,546966,298.636474609375,297.03759765625,650814,301.628173828125,301.198974609375,1207818,304.508056640625,307.9873046875,2382872,306.93359375,314.113525390625,4113964,308.670166015625,318.797607421875,6213470,310.051513671875,322.757568359375,8716618,310.350830078125,323.72900390625,11112590,311.1298828125,324.739501953125,13507558,311.478271484375,324.1806640625,15673910,311.579345703125,322.7041015625,17495524,311.620361328125,320.958251953125,19042418,310.939453125,317.64990234375,20054960,310.1416015625,314.0322265625,540903.75,308.520751953125,310.08544921875,625171,306.742919921875,307.24169921875,625171,304.9404296875,305.212158203125,625171,303.46337890625,303.52978515625,625171,302.16357421875,302.0380859375,625170,302.360107421875,301.54296875,625170,301.52783203125,300.7490234375,625170,300.712158203125,299.921630859375,625170,300.224365234375,299.458251953125,625170,299.5869140625,298.77490234375,625170,299.06298828125,298.1572265625,625170,299.215087890625,298.392578125,730272,300.8271484375,301.706787109375,1308442,302.77294921875,306.193359375,2464510,304.9208984375,311.02099609375,4175196,306.908935546875,315.698486328125,6276886,308.644287109375,320.34912109375,8793772,307.44970703125,322.29345703125,11375000,308.49365234375,322.75048828125,13924702,304.8076171875,319.285400390625,15910864,305.16943359375,314.25146484375,17455334,305.447265625,311.861572265625,18439388
-102.8,31.6,291.655120849609,291.64567565918,9626404,289.963272094727,289.083648681641,0,288.424102783203,287.382064819336,0,287.033950805664,285.818588256836,0,286.018447875977,284.268402099609,0,285.519821166992,283.563003540039,0,284.986373901367,283.080932617188,0,283.701507568359,282.156387329102,0,283.041717529297,281.324127197266,0,282.626510620117,280.843765258789,0,282.178802490234,280.285339355469,0,281.873794555664,279.817947387695,0,281.496688842773,279.370941162109,0,280.993240356445,278.847534179688,0,280.460891723633,278.294616699219,726,281.112716674805,279.509201049805,219958,284.818283081055,284.559860229492,921690,288.111251831055,288.492431640625,2078324,290.737243652344,294.811950683594,3558472,292.551254272461,297.648681640625,5203308,293.981948852539,298.91584777832,6812650,294.460433959961,297.719314575195,7815902,294.617401123047,296.369262695313,8475906,294.329849243164,294.812881469727,8961828,292.538757324219,291.94807434082,9090932,290.565399169922,289.282012939453,0,287.461273193359,286.333389282227,0,285.676818847656,284.832595825195,0,285.060592651367,284.066223144531,0,285.258728027344,283.839752197266,0,284.344635009766,282.285919189453,0,283.808670043945,282.288238525391,0,283.399276733398,281.517105102539,0,283.087112426758,280.743103027344,0,282.438827514648,280.22819519043,0,281.883163452148,280.075088500977,0,281.475708007813,279.973892211914,0,281.253768920898,279.868087768555,0,280.950088500977,279.617553710938,704,281.626113891602,280.464538574219,221182,283.25439453125,283.384246826172,924186,284.85693359375,286.701934814453,2106524,286.447479248047,289.620849609375,3631480,288.433334350586,292.205032348633,5329900,289.644195556641,293.638107299805,7014076,290.373779296875,293.854476928711,8504170,290.577255249023,293.005554199219,9635376,290.00373840332,291.030395507813,10261272,288.093872070313,287.973419189453,10421880,286.360458374023,285.228942871094,0,285.167037963867,283.472610473633,0,284.268966674805,282.3193359375,0,283.519409179688,281.462097167969,0,282.822418212891,280.714935302734,0,282.208709716797,280.032669067383,0,281.893035888672,279.625823974609,0,281.682342529297,279.303894042969,0,281.586517333984,279.133712768555,0,281.459609985352,279.029602050781,0,281.117813110352,278.782623291016,0,280.524948120117,278.277099609375,0,279.891952514648,277.61540222168,0,279.201522827148,276.95002746582,704,279.680038452148,278.044143676758,198162,283.712051391602,283.455093383789,882804,286.220642089844,288.875457763672,2024570,288.230270385742,292.736221313477,3503880,290.052505493164,295.375717163086,5139578,291.114990234375,296.812225341797,6781304,291.702911376953,296.880813598633,8222426,291.799331665039,295.694839477539,9328048,291.407211303711,293.145935058594,9952218,290.568634033203,289.238342285156,10104448,287.133346557617,284.604034423828,0,284.749069213867,281.808685302734,0,282.751602172852,280.603759765625,0,280.698577880859,279.714782714844,0,279.453063964844,278.811996459961,0,278.566467285156,278.018997192383,0,277.587036132813,277.429931640625,0,277.4267578125,277.378799438477,0,277.13948059082,277.193588256836,0,276.573059082031,276.563018798828,0,276.23258972168,276.35334777832,0,275.720901489258,275.799026489258,0,275.532150268555,275.665023803711,0,275.52409362793,275.730178833008,256,275.993072509766,276.476135253906,102898,276.823776245117,277.859375,377682,278.802047729492,281.241882324219,1218590,281.320892333984,285.965560913086,2677940,282.795379638672,289.188430786133,4343326,284.875625610352,291.897521972656,5999922,286.513259887695,292.782287597656,7471798,287.580673217773,292.509948730469,8593226,287.983016967773,290.609191894531,9245698,286.515914916992,286.90251159668,9415288,284.903579711914,283.827987670898,0,283.81787109375,282.003372192383,0,282.888442993164,280.767135620117,0,282.371520996094,279.937591552734,0,282.706680297852,279.379364013672,0,283.413986206055,279.514541625977,0,283.786392211914,280.051513671875,0,283.928314208984,280.401397705078,0,284.049011230469,280.646377563477,0,283.96028137207,280.699554443359,0,283.838119506836,280.629791259766,0,283.543899536133,280.390594482422,0,283.240615844727,280.132339477539,0,282.711975097656,279.62141418457,532,283.759490966797,280.896102905273,220244,287.398864746094,285.624862670898,919256,290.1181640625,291.344650268555,1973726,291.01057434082,295.289154052734,3370738,286.909820556641,296.027816772461,4835386,285.973205566406,293.077560424805,6181344,284.094314575195,290.048934936523,7252416,282.356796264648,287.037933349609,8042988,280.642135620117,283.953567504883,8469752,278.374420166016,280.712982177734,8595830,276.202346801758,277.662170410156,0,274.380325317383,275.328140258789,0,272.789031982422,273.591079711914,0,271.672225952148,272.2685546875,0,271.094390869141,271.571243286133,0,270.399108886719,270.759368896484,0,267.204254150391,268.826614379883,0,266.324996948242,267.542846679688,0,265.749282836914,266.72492980957,0,265.39665222168,266.191497802734,0,265.233871459961,265.980667114258,0,265.116653442383,265.878799438477,0,265.226821899414,266.112396240234,0,265.368072509766,266.23405456543,448,266.012329101563,267.422515869141,193888,267.359893798828,270.117126464844,747520,268.943435668945,273.124755859375,1675202,270.421188354492,275.643936157227,2852650,268.131072998047,273.470718383789,3504312,268.832748413086,273.492233276367,4303124,269.605758666992,274.008026123047,5108844,270.304107666016,274.471557617188,5843810,270.771881103516,274.051208496094,6436828,270.48860168457,271.878952026367,6608840,269.596130371094,269.552841186523,0,268.707763671875,267.906631469727,0,268.012573242188,266.969284057617,0,267.505981445313,266.439498901367,0,267.071273803711,266.075592041016,0,266.629425048828,265.775207519531,0,265.932159423828,265.37841796875,0,265.876617431641,265.066925048828,0,265.960098266602,264.834396362305,0,266.00276184082,264.68798828125,0,265.850952148438,264.58821105957,0,265.877410888672,264.532272338867,0,265.426818847656,264.501068115234,0,265.869644165039,264.510772705078,532,267.077575683594,267.399917602539,237162,269.291961669922,273.652038574219,997294,271.062652587891,277.879104614258,2236698,272.724838256836,280.915893554688,3823364,273.558120727539,282.730743408203,5585972,274.886993408203,283.168319702148,7337886,275.820449829102,282.659103393555,8893312,276.311187744141,281.209854125977,10087616,276.242568969727,278.971771240234,10796890,274.778503417969,275.451278686523,10993538,273.084655761719,272.380554199219,0,272.402877807617,270.908477783203,0,272.071670532227,270.375595092773,0,271.782806396484,270.183563232422,0,271.522232055664,270.071929931641,0,271.319671630859,269.997009277344,0,271.33479309082,270.032577514648,0,271.170684814453,269.925247192383,0,271.032989501953,269.822036743164,0,270.907028198242,269.754348754883,0,270.725463867188,269.644653320313,0,270.53450012207,269.493133544922,0,270.388778686523,269.375518798828,0,270.314208984375,269.317916870117,532,271.607467651367,270.953018188477,222254,274.432342529297,275.159912109375,942658,277.480743408203,279.568374633789,2122752,280.374786376953,283.924560546875,3642230,283.403289794922,287.705642700195,5333608,285.733276367188,291.010360717773,7017870,287.468383789063,292.198471069336,8513350,288.403289794922,291.820678710938,9660524,288.486907958984,289.903244018555,10340600,286.68359375,286.011535644531,10533042,283.982666015625,282.398483276367,0,282.072341918945,280.257278442383,0,280.66813659668,278.841979980469,0,279.574996948242,277.737854003906,0,278.628555297852,276.737197875977,0,277.713394165039,275.772430419922,0,277.038589477539,275.08821105957,0,276.165130615234,274.074081420898,0,275.53742980957,273.369873046875,0,275.217834472656,272.853591918945,0,275.147247314453,272.416564941406,0,274.907745361328,272.048446655273,0,274.345138549805,271.746292114258,0,274.110595703125,271.527938842773,532,276.659652709961,273.82389831543,221538,282.115341186523,280.838760375977,940516,286.88623046875,288.752502441406,2121256,290.387847900391,293.772735595703,3641396,293.528305053711,297.4443359375,5342250,295.748458862305,299.541748046875,7039232,297.351974487305,300.366485595703,8551984,298.194076538086,299.803970336914,9717260,297.663909912109,297.660537719727,10413010,294.082443237305,293.262969970703,10612246,290.791595458984,289.417724609375,63.5,289.118194580078,287.266098022461,63.5,288.52555847168,286.087280273438,63,288.301284790039,285.432952880859,63,288.053924560547,285.216186523438,64,287.787979125977,285.102462768555,64,287.816131591797,284.847854614258,64,286.869674682617,283.627426147461,64,286.295654296875,282.199157714844,64,286.119522094727,281.316848754883,64,285.807586669922,280.758560180664,64,285.633590698242,281.041717529297,64,285.560012817383,281.355209350586,64,285.48698425293,281.495239257813,596,287.120681762695,283.34196472168,210534,290.871154785156,287.99072265625,929428,294.480361938477,293.619323730469,2119784,296.630493164063,297.819763183594,3656046,298.33757019043,300.289581298828,5342546,299.146118164063,301.893463134766,7027102,299.498870849609,301.957855224609,8487398,299.383728027344,300.857406616211,9588338,298.659713745117,298.711868286133,10255092,296.160385131836,295.100799560547,10459692,293.763870239258,291.420883178711,148.75,292.293258666992,289.006011962891,148.5,290.496292114258,287.031799316406,149,288.236953735352,284.915908813477,149,285.599411010742,282.651901245117,148,284.108642578125,280.336090087891,148,282.731369018555,278.73307800293,148,281.808151245117,277.637435913086,148,283.183212280273,276.941329956055,148,284.209808349609,276.443832397461,148,283.616760253906,276.014038085938,148,280.296569824219,275.6640625,148,278.873321533203,275.381317138672,148,278.565353393555,275.126480102539,680,280.448883056641,277.340026855469,228082,285.92399597168,284.31396484375,967466,291.295074462891,292.387100219727,2182978,295.288436889648,297.462265014648,3747824,298.623138427734,301.07243347168,5494572,299.841369628906,302.416793823242,7236936,300.385971069336,302.614593505859,8792274,300.397506713867,301.820953369141,9999812,299.698211669922,299.878860473633,10732392,297.194839477539,296.319915771484,10953232,294.774002075195,292.665267944336,234,293.434997558594,290.386917114258,234,291.922332763672,288.628936767578,234,289.682403564453,286.655914306641,234,290.519104003906,283.804840087891,234,285.207672119141,281.437103271484,234,283.501052856445,280.211349487305,234,282.704391479492,279.470672607422,234,282.039428710938,279.009628295898,234,281.517852783203,278.687133789063,234,281.034744262695,278.187759399414,234,280.663208007813,277.623291015625,234,280.298904418945,277.103286743164,234,279.577987670898,276.595748901367,850,280.918090820313,278.656585693359,226300,285.777709960938,285.398590087891,961368,289.212280273438,291.577453613281,2158194,292.236633300781,297.183700561523,3703632,294.763366699219,301.154174804688,5416056,296.405792236328,303.02424621582,7133660,297.413375854492,303.4052734375,8675218,297.750335693359,302.106048583984,9876476,296.991455078125,299.293594360352,10603198,294.560089111328,295.2158203125,10824218,291.874252319336,291.60661315918,489,290.025161743164,289.389923095703,489,288.687438964844,287.815719604492,489,287.719680786133,286.628021240234,489,287.046203613281,285.82958984375,489,286.519104003906,285.129241943359,490,286.263305664063,284.918350219727,490,286.150146484375,284.857131958008,490,285.968276977539,284.661697387695,490,286.230941772461,284.961242675781,490,286.669174194336,285.508819580078,490,287.201721191406,286.237167358398,490,287.839096069336,287.020965576172,490,288.322937011719,287.613754272461,660,288.904067993164,288.301986694336,59072,289.759780883789,289.326782226563,325250,291.059661865234,289.958374023438,853992,293.24543762207,292.032989501953,1752402,286.265914916992,290.265716552734,2326250,287.291625976563,290.276321411133,2996752,288.026123046875,290.741317749023,3569894,288.155944824219,290.437164306641,4015250,287.584594726563,289.375473022461,4317206,286.306716918945,287.660720825195,4429188,284.692886352539,285.674438476563,403.75,283.62336730957,284.419570922852,403.5,282.602203369141,283.341857910156,404,281.820266723633,282.485626220703,404,281.893371582031,282.42497253418,404,281.817169189453,282.370712280273,404,280.398529052734,281.137405395508,404,280.368988037109,280.810760498047,404,280.417953491211,280.598358154297,404,280.719619750977,280.716339111328,404,281.11994934082,281.054550170898,404,281.640670776367,281.502792358398,404,282.335891723633,282.085388183594,404,282.983062744141,282.693267822266,574,283.644515991211,283.394775390625,33494,284.583557128906,284.33430480957,130634,285.9833984375,285.661422729492,331648,288.164932250977,287.637588500977,797056,283.253036499023,285.542541503906,1018070,284.439788818359,285.656616210938,1338702,285.361862182617,285.783203125,1627284,285.910507202148,286.113845825195,1904522,286.128143310547,286.11051940918,2098528,286.190093994141,285.769027709961,2180322,286.178237915039,285.364501953125,573.5,286.307189941406,285.254699707031,573.5,285.803817749023,284.990921020508,574,285.073577880859,284.492645263672,574,284.512130737305,284.126739501953,574,284.375961303711,283.960601806641,574,282.106216430664,282.820373535156,574,282.924728393555,282.899200439453,574,284.176986694336,283.688217163086,574,285.769058227539,284.914840698242,574,287.061126708984,286.118759155273,574,287.455688476563,286.684600830078,574,287.233642578125,286.7568359375,574,286.803695678711,286.56591796875,766,286.9375,286.636016845703,40084,287.316116333008,286.965225219727,169854,287.467590332031,287.456924438477,459112,288.141967773438,288.263397216797,876742,286.769989013672,287.392013549805,1173296,288.533264160156,288.797485351563,2117620,286.202438354492,288.269683837891,2833170,283.67106628418,285.461074829102,3207998,284.173217773438,284.184158325195,3488226,284.17236328125,283.117935180664,3697014,283.289016723633,281.803802490234,1465.5,282.874786376953,281.06413269043,1465.5,282.087066650391,280.396331787109,1466,281.356628417969,279.691879272461,1466,280.866973876953,279.151336669922,1466,280.475860595703,278.648620605469,1466,279.642730712891,278.008743286133,1466,279.709777832031,277.776214599609,1466,279.763534545898,277.660446166992,1466,279.629943847656,277.521255493164,1466,279.358032226563,277.286315917969,1466,279.069076538086,277.007339477539,1466,278.778457641602,276.725234985352,1466,278.436279296875,276.403594970703,2272,279.609191894531,277.924743652344,238104,282.341415405273,282.441482543945,984894,284.404891967773,286.560241699219,2192906,286.077377319336,289.705856323242,3771906,288.061141967773,292.147842407227,5546890,289.11799621582,293.526229858398,7325592,289.696411132813,293.774551391602,8923304,289.751571655273,292.927474975586,10173522,289.253067016602,290.999328613281,10947440,287.71728515625,287.799835205078,11202562,285.538131713867,284.221221923828,1805,283.06852722168,281.196701049805,1805,281.481994628906,279,1805,280.531265258789,277.740600585938,1805,279.753997802734,277.220306396484,1806,279.520217895508,276.995803833008,1806,279.509399414063,276.7490234375,1806,279.542434692383,276.958221435547,1806,279.235458374023,277.236572265625,1806,278.939300537109,277.513092041016,1806,278.486846923828,277.375,1806,277.846450805664,276.891937255859,1806,277.303405761719,276.447418212891,1806,277.004165649414,276.219299316406,2612,277.732406616211,277.20817565918,203604,278.970367431641,279.448928833008,719394,279.890548706055,280.358688354492,1220598,281.201797485352,282.775939941406,2041332,280.541000366211,283.019058227539,2458078,280.714965820313,282.461486816406,2907928,281.03271484375,282.749252319336,3381742,281.365692138672,283.026229858398,3904142,280.837326049805,281.914443969727,4039870,280.648010253906,280.825820922852,4070502,280.534027099609,280.477066040039,573,280.384353637695,279.946762084961,573,280.3134765625,280.240112304688,573,280.219528198242,280.117706298828,573,280.107009887695,279.911895751953,574,280.08952331543,279.849990844727,574,279.525039672852,279.244857788086,574,278.931900024414,278.493606567383,574,278.757202148438,278.22770690918,574,278.538681030273,278.063018798828,574,278.078170776367,277.484161376953,574,277.551559448242,276.797622680664,574,276.724914550781,275.628356933594,574,275.64826965332,274.147262573242,1550,276.669448852539,275.902908325195,230186,279.686889648438,282.811645507813,920820,281.666809082031,285.132232666016,2065480,283.621856689453,289.744445800781,3652444,285.301345825195,292.005401611328,5415196,286.356185913086,292.908020019531,7190190,287.114974975586,292.991943359375,8787498,287.557357788086,292.085647583008,10046470,287.516693115234,290.078079223633,10834264,286.215209960938,286.887680053711,11101214,284.52571105957,283.529968261719,2886.5,283.189346313477,281.328247070313,2886.5,282.163101196289,279.903549194336,2887,281.402297973633,279.094665527344,2887,280.574264526367,278.376037597656,2886,279.866119384766,277.633712768555,2886,280.175109863281,277.499908447266,2886,280.619979858398,277.618209838867,2886,281.356506347656,278.152969360352,2886,282.002243041992,278.880081176758,2886,281.960601806641,279.127777099609,2886,281.551193237305,279.018020629883,2886,280.9912109375,278.666900634766,2886,280.474136352539,278.215484619141,3948,281.723846435547,279.546936035156,247456,284.532440185547,283.490875244141,1013662,286.812728881836,287.548843383789,2263054,288.2734375,290.213912963867,3870586,289.586578369141,291.944564819336,5670484,290.324066162109,292.832885742188,7479400,290.72705078125,292.976608276367,9113098,290.629104614258,292.265380859375,10407200,289.881500244141,290.678756713867,11216586,288.239440917969,288.103469848633,11471288,286.798767089844,285.744750976563,3479.25,285.854141235352,284.244842529297,3479.5,285.28971862793,283.416229248047,3479,284.929641723633,282.96223449707,3479,284.653045654297,282.64973449707,3478,284.364318847656,282.356292724609,3478,283.935424804688,281.997497558594,3478,283.434097290039,281.570205688477,3478,282.956146240234,281.048889160156,3478,282.233764648438,280.32795715332,3478,281.402038574219,279.445281982422,3478,280.577438354492,278.502685546875,3478,279.898071289063,277.66569519043,3478,279.661392211914,277.395202636719,4626,280.690475463867,278.746887207031,240400,284.114822387695,283.629791259766,994232,286.520462036133,288.375335693359,2234470,288.191940307617,291.370483398438,3825144,290.490203857422,293.475814819336,5625064,291.168212890625,294.255126953125,7432158,291.328109741211,294.095626831055,9063478,291.04850769043,293.083068847656,10312258,290.417877197266,291.404724121094,11110936,288.492752075195,288.465682983398,11395608,286.239807128906,285.131637573242,4327,284.712951660156,282.865142822266,4327,283.964965820313,281.689270019531,4327,283.610610961914,281.212478637695,4327,283.082412719727,280.664260864258,4326,283.141159057617,280.750579833984,4326,282.597213745117,280.545745849609,4326,282.048049926758,280.443344116211,4326,281.843307495117,280.372253417969,4326,281.906524658203,280.467926025391,4326,281.555648803711,280.274185180664,4326,280.902114868164,278.32356262207,4326,278.990829467773,276.538024902344,4326,278.452026367188,276.125900268555,5642,280.26936340332,278.131546020508,208386,283.829254150391,282.213150024414,809532,286.166107177734,285.184478759766,1502462,288.701080322266,290.056182861328,2680068,287.212615966797,290.677612304688,4047908,286.071975708008,288.272659301758,4776368,286.541748046875,288.284088134766,5758352,286.396102905273,288.3837890625,6858260,285.573013305664,286.966735839844,7583122,284.291107177734,284.868804931641,7834480,282.903030395508,282.721405029297,5046.5,282.40283203125,281.609939575195,5046.5,282.176879882813,280.96452331543,5046,281.805694580078,280.522491455078,5046,281.473892211914,280.179885864258,5046,281.116058349609,279.849334716797,5046,281.083267211914,279.693435668945,5046,280.732543945313,279.433395385742,5046,280.479507446289,279.180801391602,5046,280.206451416016,278.915756225586,5046,279.891174316406,278.598861694336,5046,279.568069458008,278.259124755859,5046,279.228012084961,277.879333496094,5046,278.855911254883,277.472198486328,6616,279.594268798828,278.319900512695,266412,281.337631225586,281.097763061523,1063310,283.305328369141,284.457733154297,2352744,285.073974609375,287.328262329102,4004418,286.974060058594,289.697128295898,5839798,287.945388793945,291.221374511719,7685298,288.557708740234,291.745986938477,9353792,288.755661010742,291.204483032227,10676016,288.455520629883,289.625717163086,11518200,286.791305541992,286.791946411133,11823744,284.46794128418,283.483276367188,6232.75,283.027114868164,281.340927124023,6232.5,282.071060180664,279.961227416992,6232,281.448577880859,279.197326660156,6232,280.781127929688,278.61865234375,6232,280.028259277344,278.002151489258,6232,279.610092163086,277.388916015625,6232,278.979583740234,276.825668334961,6232,278.331314086914,276.245956420898,6232,277.638046264648,275.627731323242,6232,277.247741699219,274.909378051758,6232,277.730911254883,274.301193237305,6232,277.426177978516,273.851608276367,6232,276.719100952148,273.468444824219,7972,278.316329956055,275.981887817383,261966,283.405654907227,283.264450073242,1041264,286.998443603516,288.920028686523,2307310,290.215454101563,293.146179199219,3933672,292.88591003418,296.194641113281,5733562,294.559326171875,297.672943115234,7520852,295.6962890625,297.954559326172,9116408,296.18635559082,297.355026245117,10415540,295.704360961914,295.628845214844,11248838,293.664840698242,292.24382019043,11557920,290.166381835938,287.691879272461,7163.5,290.889358520508,283.671936035156,7164,287.879791259766,281.157623291016,7164,284.109512329102,279.663940429688,7164,284.03515625,279.487762451172,7164,284.121124267578,279.931289672852,7164,284.488693237305,280.497573852539,7164,284.497055053711,280.781005859375,7164,284.676330566406,280.957122802734,7164,284.648193359375,280.837127685547,7164,283.983764648438,279.987243652344,7164,283.080001831055,279.27555847168,7164,282.804092407227,279.269653320313,7164,282.943115234375,279.420608520508,9178,284.966979980469,281.551055908203,270924,287.708755493164,285.799560546875,1062574,289.343292236328,289.80973815918,2340578,290.380935668945,292.42561340332,3981004,292.460250854492,294.840560913086,5814920,292.75993347168,295.890472412109,7654244,292.468475341797,295.691696166992,9302660,291.592910766602,294.385665893555,10608908,290.288955688477,292.113754272461,11426596,288.777420043945,289.318603515625,11736544,287.10173034668,286.494720458984,7988.75,285.907318115234,284.650817871094,7988.5,284.832794189453,283.300918579102,7989,283.877319335938,282.238616943359,7989,282.964584350586,281.340560913086,7988,281.96354675293,280.34587097168,7988,281.162307739258,279.461212158203,7988,280.331954956055,278.54182434082,7988,279.874130249023,278.08366394043,7988,279.713607788086,277.956817626953,7988,279.893203735352,278.251922607422,7988,279.808944702148,278.268218994141,7988,279.792236328125,278.369735717773,7988,279.948776245117,278.580673217773,9386,280.929580688477,279.730117797852,101002,282.292846679688,281.798751831055,412072,283.404418945313,284.07795715332,1055312,284.469924926758,286.98942565918,2226208,284.053680419922,287.399124145508,3142098,284.78059387207,288.562133789063,4297432,285.538101196289,289.627777099609,5660406,286.104507446289,289.740631103516,6980686,286.269882202148,288.306777954102,7894498,285.332763671875,285.519805908203,8240436,283.151000976563,282.060989379883,10252.5,281.774230957031,279.775390625,10253,280.928863525391,278.539031982422,10252,280.013198852539,277.701843261719,10252,278.834411621094,276.728607177734,10252,277.699645996094,275.69287109375,10252,276.820175170898,274.748001098633,10252,276.001220703125,273.852645874023,10252,275.011016845703,272.958633422852,10252,273.575057983398,271.86051940918,10252,272.837051391602,270.519683837891,10252,271.594253540039,269.493591308594,10252,270.674423217773,268.784423828125,10252,270.075149536133,268.309768676758,12944,272.565063476563,271.079177856445,293816,277.329406738281,278.925689697266,1124662,279.999359130859,285.297988891602,2457318,281.81591796875,289.918411254883,4160204,282.649291992188,292.467788696289,6058956,283.686279296875,293.6865234375,7970234,284.517501831055,293.429061889648,9703650,284.87158203125,291.921585083008,11087724,284.762573242188,289.351013183594,11985090,283.956848144531,285.432189941406,12331636,281.85041809082,281.104751586914,11266.25,279.547607421875,278.314270019531,11266,278.13134765625,276.515319824219,11267,277.432464599609,275.404861450195,11267,277.111114501953,274.736129760742,11266,276.800277709961,274.282485961914,11266,276.361190795898,273.873260498047,11266,275.892562866211,273.568817138672,11266,275.321502685547,273.129913330078,11266,274.442337036133,272.822692871094,11266,273.632598876953,272.522354125977,11266,273.182586669922,272.210250854492,11266,272.923812866211,271.936233520508,11266,272.774383544922,271.755111694336,14126,274.202072143555,273.508270263672,251786,276.112976074219,276.57780456543,858258,277.734909057617,279.344955444336,1691806,278.448547363281,280.648147583008,2480936,279.93327331543,282.872604370117,3576438,280.719329833984,284.849349975586,4843028,281.307815551758,285.844345092773,6116338,281.259872436523,284.919662475586,6928596,280.393585205078,282.759948730469,7256256,279.186538696289,280.394439697266,7340474,278.176528930664,277.919342041016,6330.5,277.722534179688,276.952392578125,6330.5,277.160461425781,276.339935302734,6331,276.249908447266,275.302825927734,6331,275.001098632813,273.696792602539,6332,273.660110473633,272.178695678711,6332,272.143981933594,270.784194946289,6332,271.705932617188,270.207214355469,6332,271.378875732422,269.745178222656,6332,271.175033569336,269.475067138672,6332,270.996398925781,269.244964599609,6332,270.96208190918,269.120101928711,6332,270.972885131836,269.158798217773,6332,270.888473510742,269.116271972656,9782,272.448471069336,271.141372680664,296758,275.528198242188,275.652481079102,1133956,278.525344848633,280.090515136719,2474452,281.145889282227,285.543548583984,4188412,282.406509399414,288.262496948242,6100030,283.527084350586,289.729156494141,8028220,284.300552368164,290.101181030273,9783614,284.651931762695,289.239776611328,11191394,284.587295532227,287.264312744141,12111570,283.386901855469,284.087661743164,12476438,281.009674072266,280.196182250977,14434.75,279.371520996094,277.664840698242,14435,278.071334838867,275.930145263672,14435,276.979095458984,274.652435302734,14435,275.95426940918,273.640762329102,14434,274.944458007813,272.770965576172,14434,274.2880859375,271.972579956055,14434,273.710922241211,271.346298217773,14434,273.603805541992,271.099838256836,14434,273.506698608398,271.025375366211,14434,273.296997070313,270.86882019043,14434,272.945083618164,270.576431274414,14434,272.463790893555,270.224105834961,14434,271.73828125,269.75244140625,18224,274.034652709961,272.275924682617,307126,278.98095703125,279.634887695313,1144226,282.223648071289,285.463027954102,2482506,285.047393798828,289.793914794922,4191092,287.400955200195,292.907073974609,6108224,288.547973632813,294.553344726563,8039682,289.133850097656,294.69157409668,9796128,289.308364868164,293.591491699219,11204510,289.024673461914,291.35807800293,12126912,287.563064575195,287.813720703125,12496882,285.190246582031,283.54850769043,15954.25,282.840850830078,280.422866821289,15954.5,280.610488891602,277.77587890625,15954,279.276947021484,275.657577514648,15954,277.865341186523,274.184341430664,15954,276.725799560547,273.212417602539,15954,278.368438720703,272.568389892578,15954,276.29704284668,271.889312744141,15954,275.292938232422,271.347869873047,15954,274.887847900391,270.887176513672,15954,274.813034057617,270.484115600586,15954,275.434585571289,270.132293701172,15954,276.180236816406,269.7958984375,15954,274.751953125,269.521224975586,20356,275.204788208008,272.668762207031,317280,280.333984375,280.205596923828,1166110,284.008377075195,286.594909667969,2517942,287.270401000977,291.33137512207,4241912,290.065292358398,294.601043701172,6171164,291.641159057617,296.286254882813,8115230,292.694381713867,296.669006347656,9885030,293.147521972656,295.859909057617,11306730,292.990371704102,293.964263916016,12241772,291.159896850586,290.658157348633,12622280,288.429748535156,286.453689575195,17874.75,286.271789550781,283.371597290039,17874.5,284.526672363281,281.140960693359,17875,283.409271240234,279.697555541992,17875,282.356369018555,278.743896484375,17874,281.105087280273,277.801910400391,17874,279.94548034668,276.796188354492,17874,278.660919189453,275.534881591797,17874,277.576400756836,274.475982666016,17874,276.730895996094,273.63542175293,17874,276.054321289063,272.992370605469,17874,275.448638916016,272.442031860352,17874,274.913528442383,271.937393188477,17874,274.621170043945,271.450332641602,22866,276.69026184082,274.287170410156,328988,282.955108642578,281.955657958984,1196038,286.986572265625,288.299331665039,2574424,290.373718261719,292.798294067383,4331470,292.683746337891,295.76823425293,6293786,294.376342773438,297.621337890625,8271250,295.393402099609,298.251541137695,10072804,295.763824462891,297.679122924805,11523140,295.523330688477,295.994400024414,12481602,313.718994140625,323.427001953125,22347078,311.662841796875,317.799560546875,519494.5,308.09423828125,311.569580078125,636458,306.040771484375,307.517333984375,636458,304.82470703125,305.28369140625,636458,303.64208984375,303.648193359375,636458,302.7275390625,302.419921875,636458,301.690185546875,301.29296875,636458,301.177001953125,300.414794921875,636458,300.628662109375,299.712890625,636458,299.9169921875,298.904296875,636458,299.27587890625,298.259033203125,636458,298.6279296875,297.71435546875,637348,298.654296875,298.302978515625,836530,299.51611328125,300.8642578125,1525674,301.19140625,304.60791015625,2786812,303.248046875,308.79345703125,4591326,305.25341796875,312.665771484375,6817716,307.041015625,316.1005859375,9372196,306.512451171875,317.844970703125,12069232,307.30322265625,318.91015625,14675900,307.902587890625,318.09716796875,16914746,308.32421875,317.703857421875,18823814,308.301513671875,316.706787109375,20320170,307.4736328125,314.136962890625,21340796,306.47900390625,310.704833984375,499342.75,305.3134765625,307.3427734375,615981,304.170654296875,304.83349609375,615981,303.179931640625,303.271240234375,615981,302.386474609375,302.184326171875,615981,301.741943359375,301.23388671875,615981,300.82421875,300.26611328125,615982,300.458984375,299.588134765625,615982,300.043701171875,299.052734375,615982,299.28857421875,298.336669921875,615982,298.42724609375,297.591552734375,615982,297.573974609375,296.811279296875,616764,297.81640625,297.395263671875,809176,299.20263671875,300.440673828125,1498126,301.34521484375,304.580078125,2746954,303.84326171875,309.31640625,4523558,306.264892578125,314.103759765625,6738970,308.205810546875,318.471923828125,9265114,307.80029296875,320.839599609375,11959026,308.884765625,322.9140625,14639986,309.65380859375,323.242919921875,17082778,310.083740234375,322.6474609375,19237482,310.070556640625,320.5615234375,20910750,309.683837890625,317.66455078125,22095318,308.155517578125,312.30224609375,497041.5,306.57763671875,308.4404296875,615762.5,304.83740234375,305.413818359375,615763,303.48046875,303.366943359375,615763,302.53857421875,302.10400390625,615763,301.4873046875,300.881591796875,615762,300.32421875,299.644287109375,615762,299.74072265625,298.802978515625,615762,299.20263671875,298.095458984375,615762,298.71875,297.529296875,615762,298.142333984375,296.956298828125,615762,297.56591796875,296.412353515625,616460,298.006591796875,297.131103515625,800696,299.830810546875,300.535400390625,1469352,302.311279296875,305.1005859375,2676398,305.094970703125,310.3681640625,4417944,307.760986328125,315.5771484375,6576894,309.858154296875,320.1162109375,9021826,311.072998046875,323.3076171875,11504302,312.0751953125,324.6943359375,14108804,312.533203125,325.662353515625,16534336,312.385498046875,324.15478515625,18371316,311.9580078125,320.220703125,19409156,310.740478515625,314.516845703125,19778042,308.44921875,311.591796875,320309.5,305.510498046875,307.5537109375,384966,304.31689453125,304.634765625,384966,303.802978515625,303.271240234375,384966,303.123779296875,302.2177734375,384966,302.334228515625,301.33056640625,384966,300.807861328125,300.176513671875,384966,300.2822265625,299.250244140625,384966,299.81396484375,298.53466796875,384966,299.34619140625,297.915283203125,384966,298.662841796875,297.2412109375,384966,297.98828125,296.578857421875,385496,298.489990234375,297.4345703125,575928,300.222900390625,301.0537109375,1267208,302.5185546875,305.673828125,2527260,305.070556640625,310.756591796875,4322996,307.484619140625,315.7734375,6565262,309.44873046875,320.239013671875,9122638,310.044677734375,323.420166015625,11825618,310.959716796875,324.337646484375,14409522,311.43115234375,324.22705078125,16688370,310.5634765625,322.906982421875,18653956,308.919921875,317.86181640625,19917146,308.277587890625,314.25048828125,20941562,307.093017578125,310.8896484375,427677.25,305.490478515625,307.499267578125,527657.5,303.529541015625,304.47900390625,527658,302.1650390625,302.43896484375,527658,301.260986328125,300.994384765625,527658,300.684326171875,300.049560546875,527658,300.025390625,299.440673828125,527658,299.279541015625,298.52099609375,527658,298.683837890625,297.67822265625,527658,298.260986328125,296.919189453125,527658,297.656982421875,296.30322265625,527658,296.930908203125,295.665771484375,528102,297.369140625,296.47998046875,714516,299.0322265625,300.13232421875,1398026,301.148193359375,304.68115234375,2648116,303.545166015625,309.747802734375,4430932,305.768798828125,314.7158203125,6657076,307.55859375,318.96923828125,9197636,305.739990234375,320.675537109375,11904098,306.43212890625,323.53564453125,14426138,306.91015625,323.794189453125,16628344,307.18212890625,322.412353515625,18577232,306.97607421875,320.028564453125,20171962,306.690673828125,316.599609375,21240260,305.649169921875,312.063720703125,575820.5,303.419189453125,307.060791015625,699803.5,301.3759765625,302.954833984375,699803,299.57177734375,300.501220703125,699803,298.55859375,298.87353515625,699803,297.867919921875,297.764892578125,699804,296.573486328125,296.638427734375,699804,296.17724609375,295.95703125,699804,295.677001953125,295.46240234375,699804,295.17626953125,294.9814453125,699804,294.827392578125,294.5869140625,699804,294.73046875,294.408447265625,700056,295.32666015625,295.1376953125,841532,296.93310546875,298.28076171875,1360420,298.60009765625,302.51025390625,2362506,300.0390625,306.762939453125,3817766,301.8193359375,312.1533203125,5915416,302.9208984375,315.61669921875,8135770,303.39990234375,316.63330078125,10288888,304.2646484375,317.73876953125,12457252,304.712890625,318.09423828125,14685428,304.461669921875,316.358642578125,16433482,303.877197265625,313.88720703125,17795292,302.6552734375,310.89794921875,18784768,302.157958984375,306.34619140625,523852,301.03564453125,303.380615234375,629154,300.029296875,300.968505859375,629154,299.11767578125,299.33447265625,629154,298.19775390625,297.9990234375,629154,297.479248046875,296.998779296875,629154,297.000732421875,296.1220703125,629154,296.279052734375,295.262451171875,629154,295.82861328125,294.673828125,629154,295.637451171875,294.41748046875,629154,295.250244140625,293.9931640625,629154,294.91650390625,293.65283203125,629406,295.81591796875,294.833251953125,808526,298.157470703125,299.3662109375,1482228,300.301513671875,304.8134765625,2715708,302.337646484375,310.25927734375,4474082,303.92138671875,315.249755859375,6680912,304.941650390625,317.97216796875,8906748,306.082275390625,320.4287109375,11334130,306.733154296875,320.848876953125,13717332,307.20556640625,320.866455078125,16052706,307.154052734375,319.504638671875,18064522,306.8369140625,317.213623046875,19605984,306.085205078125,314.149658203125,20671314,304.949951171875,309.709228515625,413622.25,303.81591796875,306.139892578125,526303.5,302.574462890625,303.412109375,526304,301.27099609375,301.428955078125,526304,300.111572265625,300.0439453125,526304,299.13720703125,298.90087890625,526304,299.037109375,298.183349609375,526304,298.2841796875,297.4453125,526304,297.33837890625,296.487060546875,526304,296.666259765625,295.745849609375,526304,295.913818359375,294.922119140625,526304,295.445556640625,294.3935546875,526494,296.09716796875,295.340087890625,701326,298.194580078125,299.85791015625,1365892,300.444091796875,305.1513671875,2555006,302.70166015625,310.76611328125,4308050,304.2685546875,315.37060546875,6427584,305.51806640625,318.980712890625,8804138,306.582763671875,320.383544921875,11147588,306.698974609375,319.739990234375,13099830,307.052490234375,319.546142578125,15108006,307.118896484375,318.368408203125,16794266,307.069091796875,317.088623046875,18251794,305.033203125,313.735107421875,19227092,305.0244140625,308.969970703125,503595,303.90087890625,305.671142578125,617099,302.465576171875,302.737548828125,617099,301.29443359375,300.79248046875,617099,300.308349609375,299.46240234375,617099,299.4775390625,298.4619140625,617100,298.983154296875,297.647705078125,617100,298.274169921875,296.966064453125,617100,297.492919921875,296.18310546875,617100,296.742919921875,295.372802734375,617100,296.026611328125,294.55859375,617100,295.4375,293.8818359375,617268,296.17431640625,294.8701171875,787232,298.573486328125,299.248291015625,1455582,301.059814453125,304.597900390625,2689262,303.291259765625,309.82763671875,4454450,305.043212890625,314.28125,6630088,306.597412109375,318.447265625,9177604,307.84423828125,321.30859375,11815972,308.4873046875,322.453857421875,14364370,308.728759765625,321.916015625,16730054,308.540283203125,320.245361328125,18752276,307.837158203125,317.956787109375,20394606,306.110107421875,312.374267578125,21200516,304.901611328125,308.3291015625,465421.75,303.486572265625,305.107421875,579942,302.29296875,302.590087890625,579942,301.481689453125,301.080078125,579942,300.658447265625,299.9013671875,579942,299.911376953125,298.97021484375,579942,299.52490234375,298.37451171875,579942,298.739013671875,297.646484375,579942,298.119873046875,296.94580078125,579942,297.468994140625,296.244384765625,579942,296.7626953125,295.511474609375,579942,296.081298828125,294.74853515625,580026,296.64794921875,295.4892578125,752264,298.762451171875,299.42724609375,1418380,301.063232421875,304.315673828125,2652844,303.17919921875,308.677734375,4336884,305.178466796875,313.13720703125,6544918,306.783203125,316.880859375,9088824,307.962646484375,319.618408203125,11774830,308.5322265625,320.557861328125,14198700,308.658447265625,319.681640625,16277156,308.640380859375,318.748291015625,18207348,308.32421875,316.982177734375,19850350,307.452392578125,314.05322265625,20964324,306.08447265625,310.446044921875,606316.5,304.208740234375,306.358154296875,737696,302.658203125,303.332763671875,737696,301.690185546875,301.5888671875,737696,300.8759765625,300.3330078125,737696,300.197265625,299.454345703125,737696,299.67041015625,298.596923828125,737696,298.974609375,297.858642578125,737696,298.220703125,297.057861328125,737696,297.57666015625,296.343505859375,737696,296.953369140625,295.663818359375,737696,296.419921875,295.113037109375,737780,296.869384765625,295.85009765625,907178,298.195068359375,299.0048828125,1548232,300.00341796875,303.050537109375,2777164,302.119384765625,307.343017578125,4531628,304.231689453125,311.5791015625,6745850,306.038330078125,315.34423828125,9281756,307.141845703125,318.1591796875,11983156,308.018798828125,319.392578125,14556886,308.387451171875,319.553466796875,16902632,308.462890625,318.964111328125,18967280,308.318115234375,317.3603515625,20629902,307.424072265625,314.157958984375,21651312,306.054443359375,310.344970703125,533045.5,304.00390625,306.256591796875,638858,302.067626953125,303.066162109375,638858,301.030029296875,301.21044921875,638858,300.4609375,300.174072265625,638858,299.867919921875,299.3037109375,638858,299.1142578125,298.336669921875,638858,298.313720703125,297.53857421875,638858,297.55126953125,296.81982421875,638858,296.90478515625,296.162353515625,638858,296.30615234375,295.55078125,638858,295.7861328125,294.994384765625,638858,296.19189453125,295.593994140625,804250,297.64404296875,298.6064453125,1456766,299.749755859375,302.636962890625,2680134,301.935791015625,306.802978515625,4346896,304.283447265625,311.460693359375,6563024,306.144287109375,315.306640625,9080682,307.39697265625,318.036865234375,11688674,308.25439453125,319.9892578125,14283144,308.6962890625,320.20947265625,16688570,308.58642578125,319.104736328125,18773700,308.15966796875,316.876953125,20333002,306.455810546875,312.677978515625,21066606,304.808349609375,308.889892578125,438595.75,303.481689453125,305.349365234375,538221,302.436767578125,302.935791015625,538221,301.270751953125,301.275390625,538221,299.888916015625,299.832763671875,538221,298.85546875,298.7333984375,538220,297.7431640625,297.513671875,538220,297.1943359375,296.71923828125,538220,296.71337890625,296.17138671875,538220,296.302490234375,295.720947265625,538220,295.843505859375,295.261962890625,538220,295.517822265625,294.920654296875,538220,295.8916015625,295.5126953125,690072,297.282958984375,298.45947265625,1302986,299.0888671875,302.140625,2435812,301.107666015625,306.43994140625,4089644,302.700927734375,310.300048828125,6078936,303.921630859375,313.22216796875,8268204,304.672119140625,314.5654296875,10430120,305.553955078125,315.62841796875,12625484,306.211669921875,316.36767578125,14756958,305.555419921875,315.16943359375,16547266,305.09716796875,312.601318359375,18053322,303.88916015625,309.741943359375,18943814,302.2158203125,306.293212890625,476951,300.73046875,303.005859375,573787.5,299.792236328125,300.69140625,573788,299.245849609375,299.46435546875,573788,298.47265625,298.532470703125,573788,297.201416015625,297.55712890625,573788,296.693603515625,295.54833984375,573788,295.9697265625,295.50146484375,573788,295.314208984375,294.4091796875,573788,294.815185546875,293.739501953125,573788,294.433349609375,293.46484375,573788,294.09716796875,293.2724609375,573788,294.272216796875,293.5009765625,665126,295.25,294.854248046875,1063836,296.62255859375,298.0927734375,1791394,298.094482421875,300.663818359375,2880444,299.670654296875,304.316162109375,4204160,301.587646484375,308.708740234375,6080216,300.782470703125,308.613037109375,7527458,301.700439453125,308.630615234375,9068634,302.218017578125,309.10791015625,10540552,302.474365234375,308.82470703125,11821298,302.301025390625,307.3603515625,12720708,302.1865234375,305.879150390625,13364794,301.940185546875,304.214111328125,403116.5,301.011474609375,301.913818359375,513514.5,300.226318359375,300.17724609375,513514,299.41259765625,298.87060546875,513514,298.67529296875,297.81494140625,513514,298.017578125,297.020263671875,513514,297.34521484375,296.15478515625,513514,296.8310546875,295.59326171875,513514,296.40673828125,295.1357421875,513514,296.086669921875,294.75927734375,513514,295.775634765625,294.355712890625,513514,295.475341796875,293.959716796875,513514,296.329833984375,294.93994140625,645760,298.83740234375,299.1611328125,1209030,300.561767578125,303.855712890625,2249642,302.230712890625,308.2197265625,3735864,303.91455078125,312.459716796875,5671962,305.178955078125,315.287841796875,7784448,306.14453125,316.18896484375,9714266,306.611328125,316.78466796875,11739194,306.864990234375,316.3916015625,13585244,306.95654296875,315.727783203125,15209830,306.99658203125,315.1611328125,16718968,306.158203125,312.52490234375,17696342,305.17333984375,307.681640625,395068.25,303.807373046875,304.86767578125,467800.5,302.54150390625,302.655029296875,467800,301.472900390625,301.169921875,467800,300.625244140625,300.0771484375,467800,299.99560546875,299.269287109375,467800,299.350830078125,298.214111328125,467800,298.9453125,296.877685546875,467800,298.4990234375,295.95556640625,467800,297.880615234375,295.318359375,467800,296.759521484375,294.6787109375,467800,296.35888671875,294.10791015625,467800,296.855224609375,294.96044921875,611036,299.041748046875,300.193359375,1172484,301.223388671875,306.22265625,2182276,303.36376953125,312.422119140625,3787592,304.809326171875,317.122802734375,5757738,306.29345703125,322.236328125,8191072,306.9462890625,324.91552734375,10802174,307.622802734375,324.148681640625,13083044,307.933349609375,322.681640625,15143214,308.347900390625,321.10107421875,17007940,308.00439453125,317.947021484375,18267676,307.498291015625,314.387451171875,19090950,306.62353515625,310.78125,455029,304.833740234375,306.843994140625,538590.5,303.35986328125,304.16796875,538590,302.170166015625,302.435546875,538590,301.131591796875,301.034912109375,538590,300.232177734375,299.882568359375,538590,298.130126953125,298.323974609375,538590,297.556640625,297.281982421875,538590,296.8837890625,296.370361328125,538590,296.296142578125,295.596435546875,538590,295.8837890625,295.020751953125,538590,295.597412109375,294.629638671875,538590,296.36083984375,295.552001953125,682872,298.69873046875,300.1142578125,1296484,300.927001953125,305.79296875,2472262,302.971435546875,311.375244140625,4184132,304.705810546875,316.576904296875,6343472,306.182861328125,320.96484375,8836606,306.824462890625,322.47802734375,11131940,307.176025390625,322.299072265625,13220652,307.560546875,321.51171875,15102972,307.966552734375,321.082763671875,16938944,307.76611328125,318.29443359375,18278296,307.359619140625,314.84130859375,19132032,305.9013671875,311.052734375,489963.25,304.630615234375,306.739013671875,586539,303.57080078125,304.255859375,586538,302.16064453125,302.39990234375,586538,300.8662109375,300.9951171875,586538,299.83251953125,299.8115234375,586539,299.803466796875,299.140380859375,586540,299.1103515625,298.47021484375,586540,298.288818359375,297.610107421875,586540,297.563232421875,296.808837890625,586540,296.97998046875,296.227783203125,586540,296.439697265625,295.6572265625,586540,296.804931640625,296.220458984375,726388,298.3271484375,299.642333984375,1348368,300.386474609375,304.00244140625,2496080,302.6875,308.947509765625,4208478,304.550537109375,313.626953125,6380534,305.6162109375,316.417724609375,8601296,306.93798828125,319.037109375,11011800,307.8291015625,321.113037109375,13493868,307.949951171875,319.748046875,15376654,308.07861328125,319.183349609375,17289294,307.888671875,317.263916015625,18815630,305.574951171875,313.742919921875,19879092,305.411376953125,308.593017578125,376670.25,304.021240234375,305.641845703125,473815.5,302.234619140625,302.9951171875,473815,301.004638671875,301.27490234375,473815,300.216064453125,300.080810546875,473815,299.3603515625,299.0439453125,473816,298.366943359375,298.057373046875,473816,297.92529296875,297.352294921875,473816,297.537109375,296.762451171875,473816,297.178466796875,296.297119140625,473816,296.81591796875,295.875244140625,473816,296.45458984375,295.47509765625,473816,296.879150390625,296.1162109375,614612,298.345458984375,299.35791015625,1230080,300.29052734375,303.476806640625,2406004,302.4267578125,307.953857421875,4095584,304.3310546875,312.277099609375,6261772,305.63916015625,315.301513671875,8622160,306.646484375,317.410400390625,11054140,307.334716796875,318.740966796875,13476710,307.748046875,319.047119140625,15767896,307.943603515625,318.620849609375,17827486,307.671875,316.80908203125,19481744,306.273193359375,313.595947265625,20598836,305.23681640625,309.1376953125,378751.5,304.12548828125,305.814697265625,460492,302.956787109375,303.40185546875,460492,302.002685546875,301.822021484375,460492,301.157470703125,300.635498046875,460492,300.305419921875,299.590087890625,460492,299.127197265625,298.484375,460492,298.393798828125,297.478271484375,460492,297.809814453125,296.713623046875,460492,297.37451171875,296.109130859375,460492,297.08251953125,295.672607421875,460492,296.75244140625,295.448974609375,460492,297.046630859375,296.09912109375,599944,298.579345703125,299.30810546875,1215256,300.6806640625,303.5771484375,2390128,303.155029296875,308.4130859375,4113156,305.193603515625,312.8583984375,6272984,306.46044921875,315.909912109375,8596702,307.357421875,318.097412109375,11026358,307.90185546875,318.988525390625,13228202,308.295654296875,319.026611328125,15216648,308.258544921875,317.83056640625,16868724,308.290283203125,316.661376953125,18358610,307.6328125,313.91357421875,19260032,306.7578125,310.51123046875,455027.75,305.469482421875,307.096435546875,551485,304.10546875,304.46630859375,551485,302.959228515625,302.68798828125,551485,301.967529296875,301.334716796875,551485,301.282958984375,300.390869140625,551486,300.23193359375,299.175537109375,551486,299.59375,298.285400390625,551486,299.1328125,297.570068359375,551486,298.944580078125,297.265625,551486,298.356689453125,296.86279296875,551486,297.7919921875,296.443359375,551486,298.17236328125,297.13671875,680124,299.782958984375,300.371826171875,1274950,301.984619140625,304.76953125,2418030,304.27099609375,309.815185546875,4086302,306.095703125,314.78369140625,6196888,307.649169921875,319.27197265625,8587568,308.76171875,321.640869140625,10922172,309.31201171875,322.015869140625,13080736,309.47900390625,321.009033203125,14884830,309.66796875,320.38818359375,16622114,309.613525390625,318.91162109375,18112284,307.974365234375,314.790283203125,18876632,306.747314453125,310.7998046875,488358.25,305.169677734375,307.17431640625,566333.5,303.834716796875,304.671142578125,566334,303.16259765625,303.190673828125,566334,302.572265625,302.06201171875,566334,302.0576171875,301.20703125,566332,300.9111328125,300.266357421875,566332,300.518798828125,299.49853515625,566332,300.01806640625,298.87744140625,566332,299.472900390625,298.303955078125,566332,298.94140625,297.774658203125,566332,298.404541015625,297.224853515625,566332,298.746826171875,297.755615234375,696942,300.577880859375,301.28759765625,1287544,302.8134765625,306.24609375,2452812,304.79638671875,311.473876953125,4140794,306.453857421875,316.94287109375,6294448,307.615966796875,321.009033203125,8587298,307.804443359375,323.57421875,11008228,308.7734375,324.631591796875,13395650,309.384033203125,324.73046875,15686042,309.7060546875,323.891845703125,17777654,309.41259765625,321.423095703125,19373774,307.65625,317.00830078125,20325306,303.045166015625,309.179931640625,389980,302.817138671875,304.747314453125,456663,302.60791015625,302.525390625,456662,302.201171875,301.477783203125,456662,301.550048828125,300.567626953125,456662,300.960693359375,299.800048828125,456664,298.22265625,298.4599609375,456664,297.7861328125,297.543212890625,456664,297.28271484375,296.72412109375,456664,296.93798828125,296.189208984375,456664,296.44970703125,295.58154296875,456664,295.958251953125,295.045654296875,456664,296.713623046875,295.884765625,577098,299.7509765625,300.3759765625,1089312,301.6787109375,305.67626953125,2106922,303.3701171875,311.615478515625,3734088,304.839599609375,317.019775390625,5849136,305.977783203125,320.447021484375,8152444,306.105712890625,322.776611328125,10685344,306.65380859375,321.5634765625,12723002,307.66357421875,322.02783203125,14967880,308.003662109375,320.81298828125,16918728,306.76123046875,316.31591796875,18010434,306.810546875,312.934814453125,18999598,304.785400390625,309.619140625,362385,303.279296875,305.09521484375,447216,302.26220703125,302.689208984375,447216,301.0751953125,301.28466796875,447216,300.836181640625,299.39794921875,447216,301.06201171875,299.423095703125,447216,299.911865234375,299.03076171875,447216,299.385498046875,298.44921875,447216,299.049560546875,298.15380859375,447216,298.57177734375,297.67041015625,447216,297.7236328125,296.7216796875,447216,297.115478515625,296.038330078125,447216,297.47216796875,296.515869140625,572122,299.343505859375,300.235595703125,1164788,301.401611328125,305.018798828125,2322102,303.515869140625,310.1171875,4011302,305.335693359375,314.95751953125,6113736,307.014892578125,319.508544921875,8595434,307.816650390625,322.128173828125,11192656,308.814697265625,323.078125,13733324,309.473388671875,322.29736328125,15862560,309.828125,321.334716796875,17790550,308.48876953125,317.3076171875,18925732,307.92822265625,313.5810546875,19708148,306.582763671875,310.53857421875,459810,304.763427734375,306.729736328125,544953,303.2080078125,304.04052734375,544953,302.106689453125,302.33251953125,544953,301.2333984375,301.05712890625,544953,300.725341796875,300.337646484375,544954,300.62353515625,299.602294921875,544954,300.133544921875,298.9833984375,544954,299.54638671875,298.28857421875,544954,298.949951171875,297.626220703125,544954,298.285400390625,296.967529296875,544954,297.750244140625,296.44189453125,544954,297.955078125,296.828857421875,666768,299.3916015625,299.85791015625,1235746,301.440185546875,304.31494140625,2373706,303.851806640625,309.1591796875,4043716,306.1845703125,313.8427734375,6168246,307.956298828125,317.95947265625,8648292,309.006591796875,320.6669921875,11198708,309.673828125,322.218505859375,13705316,310.088623046875,322.53759765625,16086758,310.09375,321.263427734375,18097802,309.3486328125,318.891357421875,19689804,308.33544921875,314.617431640625,20502298,307.216064453125,311.204345703125,472391.5,305.7470703125,307.634765625,544636,304.490478515625,305.07763671875,544635,303.52099609375,303.455810546875,544635,302.6279296875,302.21337890625,544635,301.83349609375,301.199951171875,544636,301.5146484375,300.541015625,544636,300.50830078125,299.832763671875,544636,299.3291015625,298.803466796875,544636,298.433837890625,297.845947265625,544636,297.744873046875,297.093505859375,544636,297.12451171875,296.395751953125,544636,297.240966796875,296.584228515625,665312,298.684326171875,299.480224609375,1234680,300.906494140625,303.90380859375,2395868,303.39306640625,308.8173828125,4115300,305.674072265625,313.518798828125,6273110,307.62841796875,317.74658203125,8768574,309.03125,320.971923828125,11409006,309.62890625,321.323486328125,13708898,310.177978515625,321.65771484375,15938610,310.023681640625,319.95458984375,17717362,309.92333984375,318.400390625,19278964,309.29296875,315.19140625,20178492,308.2060546875,311.8525390625,490644.25,306.3564453125,307.928955078125,580408,304.8330078125,305.22998046875,580409,303.634033203125,303.431884765625,580409,302.774169921875,302.22900390625,580409,302.026123046875,301.280029296875,580409,301.278564453125,300.44482421875,580408,299.7158203125,299.2197265625,580408,298.45068359375,298.03857421875,580408,297.553955078125,297.042724609375,580408,296.864990234375,296.22119140625,580408,296.302978515625,295.541259765625,580408,296.468017578125,295.771240234375,702208,298.10546875,298.87353515625,1303274,300.469482421875,303.32275390625,2485408,303.17041015625,308.510986328125,4220076,305.7001953125,313.517333984375,6404134,307.732666015625,317.896240234375,8925552,308.9580078125,320.08984375,11269900,309.545166015625,321.25439453125,13353466,310.185791015625,322.499267578125,15594640,310.384765625,322.05810546875,17691960,309.50146484375,319.635009765625,19361676,308.726318359375,315.623779296875,20425722,307.509765625,311.67822265625,483293,305.793212890625,307.602294921875,579884,304.424560546875,304.842041015625,579885,303.230712890625,302.912353515625,579885,302.282958984375,301.57421875,579885,301.440673828125,300.55029296875,579884,300.805908203125,299.66552734375,579884,300.072265625,298.797607421875,579884,299.367919921875,297.92041015625,579884,298.680908203125,297.106689453125,579884,297.9638671875,296.3740234375,579884,297.32763671875,295.785888671875,579884,297.459228515625,296.083251953125,699622,299.314208984375,299.555908203125,1301000,301.52783203125,304.332763671875,2477134,304.008056640625,309.628173828125,4209576,306.071044921875,314.847900390625,6401312,307.7021484375,319.617431640625,8918548,308.59619140625,322.234619140625,11337782,309.52294921875,324.554931640625,13793330,310.057861328125,324.349609375,15964152,310.286376953125,323.489990234375,17990074,310.082275390625,320.65869140625,19465284,308.719970703125,316.8427734375,20498214,308.22998046875,312.440185546875,533090.5,306.892578125,308.63037109375,622538.5,305.5,305.74755859375,622538.5,304.271728515625,303.832275390625,622539,303.1806640625,302.417724609375,622539,302.268310546875,301.281982421875,622539,301.40283203125,300.251220703125,622538,300.62744140625,299.3232421875,622538,299.7880859375,298.3828125,622538,299.0732421875,297.50048828125,622538,298.533935546875,296.81298828125,622538,298.107666015625,296.343994140625,622538,298.38427734375,296.810546875,733568,300.375732421875,300.460205078125,1331212,302.750244140625,305.64892578125,2508006,305.147705078125,310.890380859375,4152708,307.12646484375,315.890869140625,6243864,308.853759765625,320.328125,8670212,309.552490234375,322.8408203125,11204268,310.58203125,324.873291015625,13832854,311.088623046875,324.928955078125,16261234,311.29150390625,323.73388671875,18357048,310.975830078125,320.955322265625,19895046,308.572021484375,316.830810546875,20929138,307.863525390625,311.85205078125,472738.5,306.609130859375,308.294677734375,540460.5,305.470703125,305.671875,540461,304.41064453125,303.8095703125,540461,303.369873046875,302.36328125,540461,302.610107421875,301.418701171875,540461,301.951171875,300.3505859375,540460,301.069091796875,299.447509765625,540460,299.995361328125,298.403564453125,540460,298.97998046875,297.379638671875,540460,298.2392578125,296.542724609375,540460,297.69091796875,295.898681640625,540460,298.144287109375,296.51806640625,646352,301.421142578125,300.847412109375,1199604,304.336181640625,307.8505859375,2365426,306.755859375,313.949462890625,4079670,308.500244140625,318.617919921875,6149292,309.875732421875,322.560302734375,8614800,310.212158203125,323.42822265625,10966982,310.9345703125,324.290283203125,13304826,311.232177734375,323.6181640625,15403808,311.397705078125,322.3408203125,17211758,311.382080078125,320.661376953125,18754112,310.728515625,317.43505859375,19768698,309.8623046875,313.8095703125,540714.5,308.190673828125,309.81396484375,622476,306.256591796875,306.85693359375,622475.5,304.4091796875,304.757080078125,622476,302.93017578125,303.02197265625,622476,301.71240234375,301.5849609375,622476,302.051513671875,301.1953125,622476,301.21533203125,300.4482421875,622476,300.430908203125,299.652099609375,622476,299.986083984375,299.223876953125,622476,299.3701171875,298.56787109375,622476,298.84033203125,297.9384765625,622476,299.017822265625,298.193359375,728248,300.7060546875,301.628662109375,1300922,302.62841796875,306.162109375,2442738,304.7314453125,310.98193359375,4133588,306.662841796875,315.534423828125,6196216,308.363037109375,320.04833984375,8671290,307.17041015625,321.77392578125,11194006,308.14208984375,322.30517578125,13714560,303.8583984375,318.418212890625,15681952,305.04248046875,313.75537109375,17162952,305.404296875,311.873291015625,18117038
